    24
HMWF018    
HMWF029    0.005554 
HMWF004    0.066369 0.067994 
HMWF003    0.161029 0.166549 0.159348 
HMWF022    0.165811 0.170379 0.157665 0.015854 
HMWF023    0.165811 0.170379 0.157665 0.016656 0.000782 
HMWF011    0.170920 0.175540 0.176388 0.127690 0.131439 0.130500 
HMWF034    0.170920 0.175540 0.176388 0.127690 0.131439 0.130500 -0.000000 
HMWF031    0.169081 0.171142 0.172685 0.125428 0.127302 0.126364 0.012696 0.012696 
HMWF005    0.171225 0.173843 0.171683 0.129786 0.131666 0.130725 0.015041 0.015041 0.007115 
HMWF006    0.171225 0.173843 0.171683 0.129786 0.131666 0.130725 0.015041 0.015041 0.007115 -0.000000 
HMWF007    0.171225 0.173843 0.171683 0.129786 0.131666 0.130725 0.015041 0.015041 0.007115 -0.000000 -0.000000 
HMWF021    0.170076 0.174692 0.172531 0.128736 0.130613 0.129674 0.011840 0.011840 0.004739 0.003139 0.003139 0.003139 
HMWF010    0.176918 0.179894 0.167393 0.132608 0.130838 0.129898 0.031311 0.031311 0.036276 0.036247 0.036247 0.036247 0.035451 
HMWF032    0.174913 0.177872 0.166400 0.133552 0.131780 0.131780 0.033775 0.033775 0.038759 0.038728 0.038728 0.038728 0.037930 0.001569 
HMWF014    0.189062 0.190771 0.179571 0.155021 0.154477 0.153508 0.122415 0.122415 0.122626 0.122520 0.122520 0.122520 0.122520 0.128020 0.130838 
HMWF017    0.186856 0.190599 0.178401 0.155858 0.154477 0.153508 0.119629 0.119629 0.122731 0.122626 0.122626 0.122626 0.123452 0.125320 0.128130 0.009457 
HMWF036    0.185841 0.189575 0.177394 0.154884 0.153508 0.152540 0.119629 0.119629 0.122731 0.122626 0.122626 0.122626 0.123452 0.125320 0.128130 0.009457 0.001567 
HMWF015    0.191451 0.195418 0.179894 0.155430 0.153912 0.152941 0.122626 0.122626 0.124493 0.123665 0.123665 0.123665 0.122731 0.130838 0.133667 0.012666 0.004725 0.006306 
HMWF016    0.187193 0.189918 0.178561 0.155021 0.153642 0.152673 0.121485 0.121485 0.124386 0.125320 0.125320 0.125320 0.123452 0.127910 0.130725 0.013433 0.007879 0.006296 0.009479 
HMWF009    0.211151 0.211746 0.209787 0.194135 0.203469 0.202406 0.198169 0.198169 0.195368 0.196241 0.196241 0.196241 0.195187 0.197113 0.199226 0.205791 0.209002 0.209002 0.210273 0.206860 
HMWF025    0.225482 0.226125 0.224138 0.205984 0.215466 0.214385 0.210076 0.210076 0.207247 0.208125 0.208125 0.208125 0.207054 0.210076 0.212227 0.222197 0.225482 0.225482 0.226796 0.223290 0.015458 
HMWF008    0.217021 0.217634 0.215669 0.203091 0.204153 0.203091 0.188029 0.188029 0.189417 0.191328 0.191328 0.191328 0.189243 0.186992 0.189069 0.196567 0.199728 0.199728 0.203091 0.198673 0.148001 0.164104 
Aquifex    0.313142 0.305049 0.299981 0.307430 0.313422 0.312220 0.327102 0.327102 0.334165 0.332025 0.332025 0.332025 0.333261 0.322531 0.323431 0.325877 0.327102 0.325877 0.331121 0.324653 0.310577 0.325839 0.316442 
