"2015-04-11 at 21:26"
Time(H:M:S) CO2(ppm) CellTemp(c) CellPres(kPa)
21:26:38 -1.34 50.47 99.15
21:26:39 -1.25 50.47 99.15
21:26:40 -1.48 50.47 99.15
21:26:41 -1.04 50.47 99.15
21:26:42 -1.43 50.47 99.15
21:26:43 -1.10 50.47 99.15
21:26:44 -1.36 50.47 99.15
21:26:45 -1.30 50.47 99.15
21:26:46 -1.49 50.47 99.15
21:26:47 -1.37 50.47 99.15
21:26:48 -1.32 50.47 99.15
21:26:49 -1.37 50.47 99.15
21:26:50 -1.16 50.47 99.15
21:26:51 -1.51 50.47 99.15
21:26:52 -1.24 50.47 99.15
21:26:53 -1.38 50.47 99.15
21:26:54 -1.21 50.47 99.15
21:26:55 -1.31 50.47 99.15
21:26:56 -1.29 50.47 99.15
21:26:57 -1.24 50.47 99.15
21:26:58 -1.44 50.47 99.15
21:26:59 -1.27 50.47 99.15
21:27:00 -1.57 50.47 99.15
21:27:01 -1.10 50.47 99.15
21:27:02 -1.40 50.47 99.15
21:27:03 -1.27 50.47 99.15
21:27:04 -0.97 50.47 99.15
21:27:05 -1.28 50.47 99.15
21:27:06 -1.67 50.47 99.15
21:27:07 -1.33 50.47 99.15
21:27:08 -1.14 50.47 99.15
21:27:09 -1.49 50.47 99.15
21:27:10 -1.10 50.47 99.15
21:27:11 -1.17 50.47 99.15
21:27:12 -1.47 50.47 99.15
21:27:13 -1.34 50.47 99.15
21:27:14 -1.32 50.47 99.15
21:27:15 -1.34 50.47 99.15
21:27:16 -1.46 50.47 99.15
21:27:17 -1.24 50.47 99.15
21:27:18 -1.03 50.47 99.15
21:27:19 -0.94 50.47 99.15
21:27:20 -1.39 50.47 99.15
21:27:21 -1.30 50.47 99.15
21:27:22 -1.67 50.47 99.15
21:27:23 -1.36 50.47 99.15
21:27:24 -1.08 50.47 99.15
21:27:25 -1.23 50.47 99.15
21:27:26 -0.88 50.47 99.15
21:27:27 -1.35 50.47 99.15
21:27:28 -1.24 50.47 99.15
21:27:29 -1.30 50.47 99.15
21:27:30 -1.49 50.47 99.15
21:27:31 -1.39 50.47 99.15
21:27:32 -1.21 50.47 99.15
21:27:33 -1.25 50.47 99.15
21:27:34 -1.44 50.47 99.15
21:27:35 -1.29 50.47 99.15
21:27:36 -1.29 50.47 99.15
21:27:37 -1.27 50.47 99.15
21:27:38 -1.48 50.47 99.15
21:27:39 -1.54 50.47 99.15
21:27:40 -1.38 50.47 99.15
21:27:41 -1.14 50.47 99.15
21:27:42 -1.20 50.47 99.15
21:27:43 -1.37 50.47 99.15
21:27:44 -1.24 50.47 99.15
21:27:45 -1.21 50.47 99.15
21:27:46 -1.17 50.47 99.15
21:27:47 -1.58 50.47 99.15
21:27:48 -1.12 50.47 99.15
21:27:49 -1.02 50.47 99.15
21:27:50 -0.62 50.47 99.15
21:27:51 -0.83 50.47 99.15
21:27:52 -0.55 50.47 99.15
21:27:53 0.40 50.47 99.15
21:27:54 0.59 50.47 99.15
21:27:55 1.64 50.47 99.15
21:27:56 2.60 50.47 99.15
21:27:57 3.91 50.47 99.15
21:27:58 4.52 50.47 99.15
21:27:59 5.12 50.47 99.15
21:28:00 6.81 50.47 99.15
21:28:01 7.98 50.47 99.15
21:28:02 8.91 50.47 99.15
21:28:03 10.90 50.47 99.15
21:28:04 11.99 50.47 99.15
21:28:05 13.02 50.47 99.15
21:28:06 14.27 50.47 99.15
21:28:07 15.72 50.47 99.15
21:28:08 16.50 50.47 99.15
21:28:09 17.63 50.47 99.15
21:28:10 19.04 50.47 99.15
21:28:11 20.11 50.47 99.15
21:28:12 20.77 50.47 99.15
21:28:13 21.60 50.47 99.15
21:28:14 22.04 50.47 99.15
21:28:15 22.96 50.47 99.15
21:28:16 23.50 50.47 99.15
21:28:17 24.43 50.47 99.15
21:28:18 25.00 50.47 99.15
21:28:19 25.04 50.47 99.15
21:28:20 25.98 50.47 99.15
21:28:21 25.81 50.47 99.15
21:28:22 25.89 50.47 99.15
21:28:23 26.88 50.47 99.15
21:28:24 26.79 50.47 99.15
21:28:25 27.01 50.47 99.15
21:28:26 27.38 50.47 99.15
21:28:27 27.60 50.47 99.15
21:28:28 27.69 50.47 99.15
21:28:29 28.33 50.47 99.15
21:28:30 27.63 50.47 99.15
21:28:31 28.14 50.47 99.15
21:28:32 28.56 50.47 99.15
21:28:33 28.59 50.47 99.15
21:28:34 28.83 50.47 99.15
21:28:35 28.68 50.47 99.15
21:28:36 28.94 50.47 99.15
21:28:37 28.92 50.47 99.15
21:28:38 28.47 50.47 99.15
21:28:39 29.19 50.47 99.15
21:28:40 29.11 50.47 99.15
21:28:41 29.22 50.47 99.15
21:28:42 28.95 50.47 99.15
21:28:43 28.93 50.47 99.15
21:28:44 29.07 50.47 99.15
21:28:45 29.08 50.47 99.15
21:28:46 28.59 50.47 99.15
21:28:47 29.24 50.47 99.15
21:28:48 29.26 50.47 99.15
21:28:49 29.14 50.47 99.15
21:28:50 29.07 50.47 99.15
21:28:51 28.78 50.47 99.15
21:28:52 28.66 50.47 99.15
21:28:53 28.85 50.47 99.15
21:28:54 28.85 50.47 99.15
21:28:55 29.39 50.47 99.15
21:28:56 29.01 50.47 99.15
21:28:57 28.89 50.47 99.15
21:28:58 29.13 50.47 99.15
21:28:59 29.14 50.47 99.15
21:29:00 29.18 50.47 99.15
21:29:01 28.61 50.47 99.15
21:29:02 29.35 50.47 99.15
21:29:03 29.38 50.47 99.15
21:29:04 28.92 50.47 99.15
21:29:05 29.11 50.47 99.15
21:29:06 29.27 50.47 99.15
21:29:07 28.94 50.47 99.15
21:29:08 28.40 50.47 99.15
21:29:09 29.05 50.47 99.15
21:29:10 28.84 50.47 99.15
21:29:11 28.88 50.47 99.15
21:29:12 29.22 50.47 99.15
21:29:13 28.92 50.47 99.15
21:29:14 28.86 50.47 99.16
21:29:15 29.21 50.47 99.16
21:29:16 28.93 50.47 99.16
21:29:17 29.20 50.47 99.16
21:29:18 29.05 50.47 99.16
21:29:19 28.71 50.47 99.16
21:29:20 28.47 50.47 99.16
21:29:21 27.96 50.47 99.16
21:29:22 28.07 50.47 99.16
21:29:23 27.68 50.47 99.16
21:29:24 27.42 50.47 99.16
21:29:25 27.48 50.47 99.16
21:29:26 27.26 50.47 99.16
21:29:27 26.92 50.47 99.16
21:29:28 26.54 50.47 99.16
21:29:29 26.32 50.47 99.16
21:29:30 26.75 50.47 99.16
21:29:31 26.23 50.47 99.16
21:29:32 25.92 50.47 99.16
21:29:33 26.50 50.47 99.16
21:29:34 25.59 50.47 99.15
21:29:35 25.88 50.47 99.15
21:29:36 25.41 50.47 99.16
21:29:37 25.23 50.47 99.16
21:29:38 25.29 50.47 99.16
21:29:39 25.42 50.47 99.16
21:29:40 25.04 50.47 99.15
21:29:41 25.21 50.47 99.15
21:29:42 24.50 50.47 99.15
21:29:43 24.84 50.47 99.15
21:29:44 24.36 50.47 99.16
21:29:45 24.62 50.47 99.15
21:29:46 24.15 50.47 99.15
21:29:47 24.02 50.47 99.16
21:29:48 24.29 50.47 99.16
21:29:49 24.19 50.47 99.16
21:29:50 24.12 50.47 99.16
21:29:51 23.35 50.47 99.16
21:29:52 23.00 50.47 99.16
21:29:53 23.11 50.47 99.16
21:29:54 22.91 50.47 99.15
21:29:55 23.21 50.47 99.15
21:29:56 22.68 50.47 99.15
21:29:57 22.46 50.47 99.15
21:29:58 22.46 50.47 99.16
21:29:59 22.78 50.47 99.15
21:30:00 23.87 50.47 99.15
21:30:01 27.28 50.47 99.15
21:30:02 32.11 50.47 99.15
21:30:03 37.52 50.47 99.15
21:30:04 43.59 50.47 99.16
21:30:05 47.59 50.47 99.16
21:30:06 51.40 50.47 99.15
21:30:07 52.98 50.47 99.15
21:30:08 54.09 50.47 99.15
21:30:09 55.20 50.47 99.15
21:30:10 55.50 50.47 99.15
21:30:11 56.23 50.47 99.16
21:30:12 55.47 50.47 99.15
21:30:13 54.99 50.47 99.15
21:30:14 54.34 50.47 99.15
21:30:15 53.86 50.47 99.15
21:30:16 53.13 50.47 99.15
21:30:17 52.05 50.47 99.15
21:30:18 51.58 50.47 99.15
21:30:19 51.05 50.47 99.15
21:30:20 49.96 50.47 99.15
21:30:21 48.90 50.47 99.15
21:30:22 48.68 50.47 99.15
21:30:23 47.71 50.47 99.15
21:30:24 47.06 50.47 99.15
21:30:25 46.54 50.47 99.15
21:30:26 45.58 50.47 99.15
21:30:27 45.36 50.47 99.16
21:30:28 45.06 50.47 99.16
21:30:29 44.53 50.47 99.16
21:30:30 43.82 50.47 99.16
21:30:31 43.61 50.47 99.16
21:30:32 43.24 50.47 99.16
21:30:33 42.87 50.47 99.16
21:30:34 41.73 50.47 99.16
21:30:35 41.90 50.47 99.16
21:30:36 41.35 50.47 99.16
21:30:37 40.88 50.47 99.16
21:30:38 40.81 50.47 99.16
21:30:39 40.54 50.47 99.16
21:30:40 40.04 50.47 99.16
21:30:41 39.40 50.47 99.16
21:30:42 39.11 50.47 99.15
21:30:43 39.22 50.47 99.15
21:30:44 38.45 50.47 99.16
21:30:45 38.22 50.47 99.16
21:30:46 37.99 50.47 99.15
21:30:47 37.97 50.47 99.15
21:30:48 37.52 50.47 99.15
21:30:49 36.83 50.47 99.16
21:30:50 36.81 50.47 99.16
21:30:51 36.75 50.47 99.16
21:30:52 36.29 50.47 99.16
21:30:53 36.18 50.47 99.15
21:30:54 35.92 50.47 99.15
21:30:55 35.80 50.47 99.15
21:30:56 35.56 50.47 99.15
21:30:57 34.78 50.47 99.15
21:30:58 34.71 50.47 99.15
21:30:59 34.60 50.47 99.15
21:31:00 33.91 50.47 99.16
21:31:01 33.63 50.47 99.16
21:31:02 33.61 50.47 99.15
21:31:03 32.59 50.47 99.15
21:31:04 32.34 50.47 99.15
21:31:05 31.85 50.47 99.15
21:31:06 31.25 50.47 99.15
21:31:07 31.31 50.47 99.15
21:31:08 30.76 50.47 99.15
21:31:09 30.39 50.47 99.15
21:31:10 30.43 50.47 99.15
21:31:11 29.74 50.47 99.15
21:31:12 29.61 50.47 99.16
21:31:13 29.47 50.47 99.15
21:31:14 29.26 50.47 99.15
21:31:15 29.06 50.47 99.15
21:31:16 28.58 50.47 99.15
21:31:17 28.56 50.47 99.15
21:31:18 28.51 50.47 99.15
21:31:19 27.80 50.47 99.16
21:31:20 27.81 50.47 99.15
21:31:21 27.79 50.47 99.15
21:31:22 27.18 50.47 99.15
21:31:23 26.87 50.47 99.16
21:31:24 26.93 50.47 99.16
21:31:25 26.76 50.47 99.15
21:31:26 26.34 50.47 99.15
21:31:27 26.07 50.47 99.15
21:31:28 25.82 50.47 99.15
21:31:29 25.14 50.47 99.16
21:31:30 25.41 50.47 99.15
21:31:31 25.07 50.47 99.15
21:31:32 25.04 50.47 99.15
21:31:33 25.07 50.47 99.15
21:31:34 24.49 50.47 99.15
21:31:35 24.28 50.47 99.15
21:31:36 24.29 50.47 99.15
21:31:37 23.84 50.47 99.15
21:31:38 23.44 50.47 99.15
21:31:39 23.69 50.47 99.15
21:31:40 23.23 50.47 99.15
21:31:41 23.09 50.47 99.16
21:31:42 22.68 50.47 99.15
21:31:43 22.62 50.47 99.15
21:31:44 22.31 50.47 99.16
21:31:45 22.27 50.47 99.15
21:31:46 21.63 50.47 99.15
21:31:47 21.30 50.47 99.15
21:31:48 21.39 50.47 99.15
21:31:49 21.02 50.47 99.15
21:31:50 20.94 50.47 99.15
21:31:51 20.85 50.47 99.15
21:31:52 20.59 50.47 99.15
21:31:53 20.45 50.47 99.15
21:31:54 19.73 50.47 99.15
21:31:55 19.47 50.47 99.15
21:31:56 20.00 50.47 99.16
21:31:57 19.30 50.47 99.16
21:31:58 18.99 50.47 99.16
21:31:59 18.80 50.47 99.16
21:32:00 18.76 50.47 99.16
21:32:01 18.04 50.47 99.16
21:32:02 18.19 50.47 99.16
21:32:03 17.94 50.47 99.16
21:32:04 17.34 50.47 99.16
21:32:05 17.01 50.47 99.16
21:32:06 16.77 50.47 99.16
21:32:07 16.51 50.47 99.15
21:32:08 17.01 50.47 99.15
21:32:09 15.64 50.47 99.15
21:32:10 15.95 50.47 99.15
21:32:11 15.60 50.47 99.16
21:32:12 15.52 50.47 99.16
21:32:13 15.26 50.47 99.16
21:32:14 15.17 50.47 99.15
21:32:15 14.60 50.47 99.15
21:32:16 15.69 50.47 99.15
21:32:17 18.12 50.47 99.15
21:32:18 20.71 50.47 99.16
21:32:19 25.91 50.47 99.16
21:32:20 32.40 50.47 99.16
21:32:21 36.23 50.47 99.16
21:32:22 38.46 50.47 99.16
21:32:23 39.31 50.47 99.15
21:32:24 39.21 50.47 99.15
21:32:25 38.72 50.47 99.16
21:32:26 37.30 50.47 99.16
21:32:27 36.48 50.47 99.16
21:32:28 35.52 50.47 99.16
21:32:29 33.95 50.47 99.16
21:32:30 32.90 50.47 99.16
21:32:31 31.99 50.47 99.16
21:32:32 30.81 50.47 99.16
21:32:33 29.85 50.47 99.15
21:32:34 29.15 50.47 99.15
21:32:35 28.69 50.47 99.15
21:32:36 27.66 50.47 99.15
21:32:37 27.06 50.47 99.16
21:32:38 26.17 50.47 99.15
21:32:39 25.70 50.47 99.15
21:32:40 25.14 50.47 99.15
21:32:41 24.56 50.47 99.15
21:32:42 24.29 50.47 99.16
21:32:43 23.97 50.47 99.15
21:32:44 23.51 50.47 99.15
21:32:45 22.81 50.47 99.15
21:32:46 22.55 50.47 99.15
21:32:47 22.43 50.47 99.16
21:32:48 21.58 50.47 99.15
21:32:49 21.43 50.47 99.15
21:32:50 21.07 50.47 99.15
21:32:51 20.74 50.47 99.16
21:32:52 20.68 50.47 99.16
21:32:53 20.55 50.47 99.16
21:32:54 19.54 50.47 99.15
21:32:55 19.74 50.47 99.15
21:32:56 19.45 50.47 99.15
21:32:57 18.69 50.47 99.15
21:32:58 18.93 50.47 99.16
21:32:59 18.87 50.47 99.16
21:33:00 18.43 50.47 99.16
21:33:01 18.58 50.47 99.16
21:33:02 18.20 50.47 99.16
21:33:03 18.02 50.47 99.16
21:33:04 16.93 50.47 99.16
21:33:05 17.65 50.47 99.16
21:33:06 17.25 50.47 99.16
21:33:07 17.19 50.47 99.15
21:33:08 17.03 50.47 99.15
21:33:09 16.10 50.47 99.16
21:33:10 16.42 50.47 99.16
21:33:11 16.93 50.47 99.15
21:33:12 19.14 50.47 99.15
21:33:13 21.94 50.47 99.15
21:33:14 25.10 50.47 99.15
21:33:15 26.88 50.47 99.16
21:33:16 28.17 50.47 99.15
21:33:17 28.23 50.47 99.15
21:33:18 28.52 50.47 99.15
21:33:19 28.21 50.47 99.15
21:33:20 27.66 50.47 99.15
21:33:21 26.96 50.47 99.16
21:33:22 26.11 50.47 99.15
21:33:23 26.27 50.47 99.15
21:33:24 25.65 50.47 99.15
21:33:25 25.28 50.47 99.15
21:33:26 24.18 50.47 99.16
21:33:27 23.62 50.47 99.16
21:33:28 23.37 50.47 99.16
21:33:29 23.01 50.47 99.16
21:33:30 23.06 50.47 99.16
21:33:31 22.14 50.47 99.16
21:33:32 22.14 50.47 99.16
21:33:33 21.51 50.47 99.16
21:33:34 21.08 50.47 99.16
21:33:35 20.47 50.47 99.16
21:33:36 20.18 50.47 99.15
21:33:37 20.11 50.47 99.15
21:33:38 19.60 50.47 99.15
21:33:39 19.40 50.47 99.16
21:33:40 18.95 50.47 99.15
21:33:41 18.44 50.47 99.15
21:33:42 18.20 50.47 99.15
21:33:43 17.82 50.47 99.15
21:33:44 17.59 50.47 99.15
21:33:45 17.52 50.47 99.15
21:33:46 17.91 50.47 99.16
21:33:47 17.26 50.47 99.15
21:33:48 17.19 50.47 99.15
21:33:49 16.87 50.47 99.15
21:33:50 17.35 50.47 99.15
21:33:51 17.30 50.47 99.15
21:33:52 17.49 50.47 99.16
21:33:53 17.04 50.47 99.16
21:33:54 16.79 50.47 99.16
21:33:55 16.46 50.47 99.16
21:33:56 16.21 50.47 99.16
21:33:57 15.97 50.47 99.15
21:33:58 15.89 50.47 99.15
21:33:59 15.69 50.47 99.15
21:34:00 15.15 50.47 99.15
21:34:01 15.08 50.47 99.15
21:34:02 14.55 50.47 99.15
21:34:03 14.60 50.47 99.15
21:34:04 14.42 50.47 99.15
21:34:05 14.07 50.47 99.15
21:34:06 14.31 50.47 99.15
21:34:07 14.09 50.47 99.15
21:34:08 13.75 50.47 99.15
21:34:09 13.85 50.47 99.15
21:34:10 13.13 50.47 99.15
21:34:11 12.95 50.47 99.15
21:34:12 13.11 50.47 99.15
21:34:13 12.54 50.47 99.15
21:34:14 12.42 50.47 99.15
21:34:15 12.52 50.47 99.15
21:34:16 12.69 50.47 99.15
21:34:17 12.13 50.47 99.15
21:34:18 12.01 50.47 99.15
21:34:19 11.61 50.47 99.15
21:34:20 11.54 50.47 99.15
21:34:21 11.60 50.47 99.15
21:34:22 11.51 50.47 99.15
21:34:23 11.29 50.47 99.15
21:34:24 10.96 50.47 99.15
21:34:25 10.94 50.47 99.15
21:34:26 10.77 50.47 99.15
21:34:27 10.36 50.47 99.15
21:34:28 10.86 50.47 99.15
21:34:29 10.28 50.47 99.15
21:34:30 10.04 50.47 99.15
21:34:31 10.59 50.47 99.15
21:34:32 9.53 50.47 99.15
21:34:33 10.02 50.47 99.15
21:34:34 9.66 50.47 99.16
21:34:35 9.55 50.47 99.15
21:34:36 9.12 50.47 99.15
21:34:37 8.97 50.47 99.15
21:34:38 9.19 50.47 99.15
21:34:39 9.40 50.47 99.15
21:34:40 8.91 50.47 99.15
21:34:41 9.03 50.47 99.15
21:34:42 8.47 50.47 99.15
21:34:43 8.73 50.47 99.15
21:34:44 8.32 50.47 99.15
21:34:45 8.46 50.47 99.15
21:34:46 8.21 50.47 99.15
21:34:47 8.14 50.47 99.15
21:34:48 7.58 50.47 99.15
21:34:49 7.90 50.47 99.15
21:34:50 8.00 50.47 99.15
21:34:51 7.29 50.47 99.15
21:34:52 7.29 50.47 99.15
21:34:53 7.36 50.47 99.15
21:34:54 7.29 50.47 99.15
21:34:55 7.30 50.47 99.15
21:34:56 6.89 50.47 99.15
21:34:57 7.01 50.47 99.15
21:34:58 6.84 50.47 99.15
21:34:59 6.56 50.47 99.15
21:35:00 6.71 50.47 99.15
21:35:01 6.61 50.47 99.15
21:35:02 6.35 50.47 99.15
21:35:03 6.24 50.47 99.15
21:35:04 6.17 50.47 99.15
21:35:05 6.04 50.47 99.15
21:35:06 5.93 50.47 99.15
21:35:07 6.12 50.47 99.15
21:35:08 5.69 50.47 99.15
21:35:09 5.53 50.47 99.15
21:35:10 5.51 50.47 99.15
21:35:11 5.68 50.47 99.15
21:35:12 5.33 50.47 99.15
21:35:13 5.21 50.47 99.15
21:35:14 5.36 50.47 99.15
21:35:15 5.03 50.47 99.15
21:35:16 4.99 50.47 99.15
21:35:17 4.92 50.47 99.15
21:35:18 4.32 50.47 99.15
21:35:19 4.85 50.47 99.15
21:35:20 4.74 50.47 99.15
21:35:21 4.22 50.47 99.15
21:35:22 4.49 50.47 99.15
21:35:23 4.53 50.47 99.17
21:35:24 4.11 50.47 99.15
21:35:25 4.01 50.47 99.15
21:35:26 3.89 50.47 99.15
21:35:27 4.31 50.47 99.15
21:35:28 3.82 50.47 99.15
21:35:29 3.56 50.47 99.15
21:35:30 3.74 50.47 99.15
21:35:31 3.75 50.47 99.15
21:35:32 3.72 50.47 99.15
21:35:33 3.39 50.47 99.15
21:35:34 3.42 50.47 99.15
21:35:35 3.56 50.47 99.15
21:35:36 3.48 50.47 99.15
21:35:37 2.89 50.47 99.15
21:35:38 2.96 50.47 99.15
21:35:39 3.54 50.47 99.15
21:35:40 3.03 50.47 99.15
21:35:41 2.71 50.47 99.15
21:35:42 2.97 50.47 99.15
21:35:43 2.63 50.47 99.15
21:35:44 2.65 50.47 99.15
21:35:45 2.73 50.47 99.15
21:35:46 2.72 50.47 99.15
21:35:47 2.61 50.47 99.15
21:35:48 2.81 50.47 99.15
21:35:49 2.87 50.47 99.15
21:35:50 2.63 50.47 99.15
21:35:51 2.34 50.47 99.15
21:35:52 2.41 50.47 99.15
21:35:53 2.01 50.47 99.15
21:35:54 2.04 50.47 99.15
21:35:55 1.89 50.47 99.15
21:35:56 1.88 50.47 99.15
21:35:57 1.85 50.47 99.15
21:35:58 1.93 50.47 99.15
21:35:59 1.83 50.47 99.15
21:36:00 1.73 50.47 99.15
21:36:01 1.66 50.47 99.15
21:36:02 1.69 50.47 99.15
21:36:03 1.56 50.47 99.15
21:36:04 1.68 50.47 99.15
21:36:05 1.66 50.47 99.15
21:36:06 1.58 50.47 99.15
21:36:07 1.27 50.47 99.15
21:36:08 1.82 50.47 99.15
21:36:09 1.29 50.47 99.15
21:36:10 1.27 50.47 99.15
21:36:11 1.16 50.47 99.15
21:36:12 1.47 50.47 99.15
21:36:13 1.11 50.47 99.15
21:36:14 0.91 50.47 99.15
21:36:15 1.06 50.47 99.15
21:36:16 0.79 50.47 99.15
21:36:17 1.06 50.47 99.15
21:36:18 0.87 50.47 99.15
21:36:19 1.20 50.47 99.15
21:36:20 0.82 50.47 99.15
21:36:21 0.71 50.47 99.15
21:36:22 0.81 50.47 99.15
21:36:23 0.73 50.47 99.15
21:36:24 0.77 50.47 99.15
21:36:25 0.81 50.47 99.15
21:36:26 0.56 50.47 99.15
21:36:27 0.59 50.47 99.15
21:36:28 0.45 50.47 99.15
21:36:29 0.57 50.47 99.15
21:36:30 0.88 50.47 99.15
21:36:31 0.00 50.47 99.15
21:36:32 0.33 50.47 99.15
21:36:33 0.57 50.47 99.15
21:36:34 0.52 50.47 99.15
21:36:35 0.43 50.47 99.15
21:36:36 1.11 50.47 99.15
21:36:37 1.70 50.47 99.15
21:36:38 3.06 50.47 99.15
21:36:39 4.03 50.47 99.15
21:36:40 4.80 50.47 99.15
21:36:41 5.26 50.47 99.15
21:36:42 5.97 50.47 99.15
21:36:43 6.27 50.47 99.15
21:36:44 6.64 50.47 99.15
21:36:45 6.59 50.47 99.17
21:36:46 6.32 50.47 99.15
21:36:47 6.21 50.47 99.15
21:36:48 5.98 50.47 99.15
21:36:49 5.83 50.47 99.15
21:36:50 5.33 50.47 99.15
21:36:51 4.94 50.47 99.15
21:36:52 5.24 50.47 99.15
21:36:53 5.00 50.47 99.15
21:36:54 4.68 50.47 99.15
21:36:55 4.68 50.47 99.15
21:36:56 4.14 50.47 99.15
21:36:57 4.22 50.47 99.15
21:36:58 4.49 50.47 99.15
21:36:59 4.09 50.47 99.15
21:37:00 3.78 50.47 99.15
21:37:01 3.69 50.47 99.15
21:37:02 3.68 50.47 99.15
21:37:03 3.78 50.47 99.15
21:37:04 3.32 50.47 99.15
21:37:05 3.49 50.47 99.15
21:37:06 3.53 50.47 99.15
21:37:07 3.03 50.47 99.15
21:37:08 3.53 50.47 99.15
21:37:09 3.05 50.47 99.15
21:37:10 2.90 50.47 99.15
21:37:11 2.98 50.47 99.15
21:37:12 2.92 50.47 99.15
21:37:13 2.95 50.47 99.15
21:37:14 2.90 50.47 99.15
21:37:15 2.99 50.47 99.15
21:37:16 2.78 50.47 99.15
21:37:17 2.43 50.47 99.15
21:37:18 2.61 50.47 99.15
21:37:19 2.53 50.47 99.15
21:37:20 2.29 50.47 99.15
21:37:21 2.64 50.47 99.15
21:37:22 2.58 50.47 99.15
21:37:23 2.80 50.47 99.15
21:37:24 2.50 50.47 99.15
21:37:25 2.38 50.47 99.15
21:37:26 2.52 50.47 99.15
21:37:27 3.11 50.47 99.15
21:37:28 3.35 50.47 99.15
21:37:29 3.95 50.47 99.15
21:37:30 4.27 50.47 99.15
21:37:31 4.80 50.47 99.15
21:37:32 4.75 50.47 99.15
21:37:33 4.62 50.47 99.15
21:37:34 4.45 50.47 99.15
21:37:35 4.64 50.47 99.15
21:37:36 4.32 50.47 99.15
21:37:37 4.74 50.47 99.15
21:37:38 4.19 50.47 99.15
21:37:39 3.84 50.47 99.15
21:37:40 4.23 50.47 99.15
21:37:41 4.15 50.47 99.15
21:37:42 3.47 50.47 99.15
21:37:43 3.68 50.47 99.15
21:37:44 3.62 50.47 99.15
21:37:45 3.66 50.47 99.15
21:37:46 3.75 50.47 99.15
21:37:47 3.52 50.47 99.15
21:37:48 3.22 50.47 99.15
21:37:49 3.31 50.47 99.15
21:37:50 3.18 50.47 99.15
21:37:51 3.42 50.47 99.15
21:37:52 2.96 50.47 99.15
21:37:53 3.13 50.47 99.15
21:37:54 2.85 50.47 99.15
21:37:55 3.06 50.47 99.15
21:37:56 2.57 50.47 99.15
21:37:57 3.00 50.47 99.15
21:37:58 3.33 50.47 99.15
21:37:59 3.55 50.47 99.17
21:38:00 4.06 50.47 99.15
21:38:01 3.82 50.47 99.15
21:38:02 4.30 50.47 99.15
21:38:03 3.87 50.47 99.15
21:38:04 3.80 50.47 99.15
21:38:05 3.92 50.47 99.15
21:38:06 4.21 50.47 99.15
21:38:07 3.98 50.47 99.15
21:38:08 4.12 50.47 99.15
21:38:09 3.58 50.47 99.15
21:38:10 3.61 50.47 99.15
21:38:11 3.59 50.47 99.15
21:38:12 3.62 50.47 99.15
21:38:13 3.21 50.47 99.15
21:38:14 3.59 50.47 99.15
21:38:15 3.24 50.47 99.15
21:38:16 3.21 50.47 99.15
21:38:17 3.14 50.47 99.15
21:38:18 2.89 50.47 99.15
21:38:19 2.96 50.47 99.15
21:38:20 2.89 50.47 99.15
21:38:21 3.16 50.47 99.15
21:38:22 2.59 50.47 99.15
21:38:23 2.81 50.47 99.15
21:38:24 2.38 50.47 99.15
21:38:25 2.02 50.47 99.01
21:38:26 2.34 50.47 98.78
21:38:27 2.59 50.47 98.69
21:38:28 3.03 50.47 98.64
21:38:29 2.86 50.47 98.61
21:38:30 2.82 50.47 98.61
21:38:31 2.73 50.47 98.61
21:38:32 2.39 50.47 98.61
21:38:33 2.55 50.47 98.61
21:38:34 2.59 50.47 98.61
21:38:35 2.70 50.47 98.61
21:38:36 2.28 50.47 98.61
21:38:37 2.65 50.47 98.62
21:38:38 2.62 50.47 98.61
21:38:39 3.09 50.47 98.61
21:38:40 2.68 50.47 98.61
21:38:41 2.85 50.47 98.61
21:38:42 2.66 50.47 98.61
21:38:43 2.65 50.47 98.61
21:38:44 2.60 50.47 98.61
21:38:45 2.74 50.47 98.61
21:38:46 2.60 50.47 98.61
21:38:47 2.75 50.47 98.61
21:38:48 2.73 50.47 98.61
21:38:49 2.52 50.47 98.61
21:38:50 2.81 50.47 98.61
21:38:51 2.56 50.47 98.61
21:38:52 2.30 50.47 98.61
21:38:53 2.98 50.47 98.61
21:38:54 2.83 50.47 98.61
21:38:55 2.56 50.47 98.61
21:38:56 2.90 50.47 98.61
21:38:57 2.68 50.47 98.61
21:38:58 2.86 50.47 98.61
21:38:59 2.39 50.47 98.61
21:39:00 2.13 50.47 98.61
21:39:01 3.10 50.47 98.61
21:39:02 2.49 50.47 98.61
21:39:03 2.66 50.47 98.61
21:39:04 2.97 50.47 98.61
21:39:05 2.60 50.47 98.61
21:39:06 2.63 50.47 98.61
21:39:07 2.71 50.47 98.61
21:39:08 2.68 50.47 98.61
21:39:09 2.80 50.47 98.61
21:39:10 3.13 50.47 98.61
21:39:11 3.15 50.47 98.61
21:39:12 2.91 50.47 98.61
21:39:13 2.60 50.47 98.61
21:39:14 2.65 50.47 98.61
21:39:15 2.40 50.47 98.61
21:39:16 3.10 50.47 98.61
21:39:17 2.95 50.47 98.61
21:39:18 2.98 50.47 98.61
21:39:19 2.84 50.47 98.61
21:39:20 2.75 50.47 98.61
21:39:21 2.63 50.47 98.61
21:39:22 2.46 50.47 98.61
21:39:23 2.97 50.47 98.61
21:39:24 3.08 50.47 98.61
21:39:25 2.98 50.47 98.61
21:39:26 2.68 50.47 98.61
21:39:27 2.91 50.47 98.61
21:39:28 2.41 50.47 98.61
21:39:29 2.63 50.47 98.61
21:39:30 3.25 50.47 98.61
21:39:31 2.85 50.47 98.61
21:39:32 2.94 50.47 98.61
21:39:33 3.05 50.47 98.61
21:39:34 2.97 50.47 98.61
21:39:35 3.16 50.47 98.61
21:39:36 2.48 50.47 98.61
21:39:37 2.64 50.47 98.61
21:39:38 2.77 50.47 98.61
21:39:39 2.65 50.47 98.61
21:39:40 3.17 50.47 98.61
21:39:41 2.86 50.47 98.61
21:39:42 3.22 50.47 98.61
21:39:43 2.72 50.47 98.61
21:39:44 3.04 50.47 98.61
21:39:45 2.89 50.47 98.61
21:39:46 2.92 50.47 98.61
21:39:47 3.08 50.47 98.61
21:39:48 2.98 50.47 98.61
21:39:49 3.02 50.47 98.61
21:39:50 2.96 50.47 98.61
21:39:51 2.95 50.47 98.61
21:39:52 2.81 50.47 98.61
21:39:53 2.93 50.47 98.61
21:39:54 2.59 50.47 98.62
21:39:55 3.11 50.47 98.61
21:39:56 2.90 50.47 98.61
21:39:57 3.03 50.47 98.62
21:39:58 2.72 50.47 98.61
21:39:59 3.17 50.47 98.61
21:40:00 2.80 50.47 98.62
21:40:01 2.78 50.47 98.61
21:40:02 3.16 50.47 98.61
21:40:03 3.05 50.47 98.61
21:40:04 2.94 50.47 98.61
21:40:05 3.01 50.47 98.61
21:40:06 3.01 50.47 98.61
21:40:07 2.81 50.47 98.61
21:40:08 3.12 50.47 98.61
21:40:09 3.54 50.47 98.62
21:40:10 3.20 50.47 98.61
21:40:11 2.95 50.47 98.61
21:40:12 3.19 50.47 98.61
21:40:13 2.99 50.47 98.62
21:40:14 2.87 50.47 98.62
21:40:15 3.22 50.47 98.62
21:40:16 3.34 50.47 98.62
21:40:17 2.96 50.47 98.62
21:40:18 3.00 50.47 98.62
21:40:19 3.39 50.47 98.62
21:40:20 3.14 50.47 98.62
21:40:21 3.02 50.47 98.62
21:40:22 2.81 50.47 98.62
21:40:23 3.50 50.47 98.62
21:40:24 2.70 50.47 98.62
21:40:25 3.12 50.47 98.62
21:40:26 3.43 50.47 98.62
21:40:27 3.14 50.47 98.62
21:40:28 2.94 50.47 98.62
21:40:29 2.98 50.47 98.62
21:40:30 3.50 50.47 98.62
21:40:31 3.24 50.47 98.64
21:40:32 3.10 50.47 98.62
21:40:33 3.27 50.47 98.62
21:40:34 3.22 50.47 98.62
21:40:35 3.03 50.47 98.62
21:40:36 3.07 50.47 98.62
21:40:37 3.05 50.47 98.62
21:40:38 3.15 50.47 98.62
21:40:39 3.39 50.47 98.62
21:40:40 3.29 50.47 98.62
21:40:41 3.46 50.47 98.62
21:40:42 3.24 50.47 98.62
21:40:43 3.37 50.47 98.62
21:40:44 2.88 50.47 98.62
21:40:45 3.29 50.47 98.62
21:40:46 3.04 50.47 98.62
21:40:47 3.68 50.47 98.62
21:40:48 3.03 50.47 98.62
21:40:49 3.58 50.47 98.62
21:40:50 3.08 50.47 98.62
21:40:51 3.34 50.47 98.62
21:40:52 2.94 50.47 98.62
21:40:53 3.47 50.47 98.61
21:40:54 3.19 50.47 98.61
21:40:55 3.02 50.47 98.62
21:40:56 3.59 50.47 98.62
21:40:57 3.24 50.47 98.62
21:40:58 3.45 50.47 98.62
21:40:59 3.42 50.47 98.62
21:41:00 3.34 50.47 98.62
21:41:01 3.37 50.47 98.62
21:41:02 3.17 50.47 98.62
21:41:03 3.09 50.47 98.62
21:41:04 3.87 50.47 98.62
21:41:05 2.84 50.47 98.62
21:41:06 3.50 50.47 98.62
21:41:07 3.04 50.47 98.62
21:41:08 3.44 50.47 98.62
21:41:09 9.71 50.47 98.62
21:41:10 4.57 50.47 98.62
21:41:11 -8.75 50.47 98.62
21:41:12 3.69 50.47 98.62
21:41:13 3.32 50.47 98.62
21:41:14 3.68 50.47 98.62
21:41:15 4.05 50.47 98.62
21:41:16 3.67 50.47 98.62
21:41:17 1.69 50.47 98.62
21:41:18 4.08 50.47 98.62
21:41:19 3.68 50.47 98.62
21:41:20 3.37 50.47 98.62
21:41:21 3.66 50.47 98.62
21:41:22 3.32 50.47 98.62
21:41:23 3.32 50.47 98.62
21:41:24 3.42 50.47 98.62
21:41:25 3.45 50.47 98.62
21:41:26 3.76 50.47 98.62
21:41:27 3.34 50.47 98.62
21:41:28 3.11 50.47 98.64
21:41:29 3.38 50.47 98.62
21:41:30 3.51 50.47 98.62
21:41:31 3.57 50.47 98.62
21:41:32 3.46 50.47 98.62
21:41:33 3.60 50.47 98.62
21:41:34 3.73 50.47 98.62
21:41:35 3.56 50.47 98.62
21:41:36 3.54 50.47 98.62
21:41:37 3.27 50.47 98.62
21:41:38 3.64 50.47 98.62
21:41:39 3.48 50.47 98.62
21:41:40 3.68 50.47 98.62
21:41:41 3.52 50.47 98.62
21:41:42 3.52 50.47 98.62
21:41:43 3.25 50.47 98.62
21:41:44 3.55 50.47 98.62
21:41:45 3.49 50.47 98.62
21:41:46 3.65 50.47 98.62
21:41:47 3.66 50.47 98.62
21:41:48 3.85 50.47 98.62
21:41:49 3.75 50.47 98.62
21:41:50 3.48 50.47 98.62
21:41:51 3.85 50.47 98.62
21:41:52 3.52 50.47 98.62
21:41:53 3.46 50.47 98.62
21:41:54 3.38 50.47 98.62
21:41:55 3.82 50.47 98.62
21:41:56 3.58 50.47 98.62
21:41:57 3.73 50.47 98.62
21:41:58 3.27 50.47 98.62
21:41:59 3.53 50.47 98.62
21:42:00 3.85 50.47 98.62
21:42:01 3.36 50.47 98.62
21:42:02 4.02 50.47 98.62
21:42:03 3.58 50.47 98.62
21:42:04 3.72 50.47 98.62
21:42:05 3.86 50.47 98.62
21:42:06 3.36 50.47 98.62
21:42:07 3.96 50.47 98.62
21:42:08 3.70 50.47 98.62
21:42:09 3.76 50.47 98.62
21:42:10 3.54 50.47 98.62
21:42:11 3.54 50.47 98.62
21:42:12 4.06 50.47 98.62
21:42:13 3.76 50.47 98.62
21:42:14 3.86 50.47 98.62
21:42:15 3.66 50.47 98.62
21:42:16 3.52 50.47 98.62
21:42:17 3.44 50.47 98.62
21:42:18 3.89 50.47 98.62
21:42:19 3.58 50.47 98.62
21:42:20 4.07 50.47 98.62
21:42:21 3.98 50.47 98.62
21:42:22 3.89 50.47 98.62
21:42:23 3.87 50.47 98.62
21:42:24 3.89 50.47 98.62
21:42:25 3.71 50.47 98.62
21:42:26 3.94 50.47 98.62
21:42:27 3.84 50.47 98.62
21:42:28 3.45 50.47 98.62
21:42:29 3.94 50.47 98.62
21:42:30 4.11 50.47 98.62
21:42:31 4.05 50.47 98.62
21:42:32 3.92 50.47 98.62
21:42:33 3.99 50.47 98.62
21:42:34 3.73 50.47 98.62
21:42:35 3.72 50.47 98.62
21:42:36 3.68 50.47 98.62
21:42:37 3.84 50.47 98.62
21:42:38 3.77 50.47 98.62
21:42:39 3.70 50.47 98.62
21:42:40 3.74 50.47 98.62
21:42:41 4.08 50.47 98.62
21:42:42 3.92 50.47 98.62
21:42:43 3.92 50.47 98.62
21:42:44 3.95 50.47 98.62
21:42:45 3.85 50.47 98.62
21:42:46 3.87 50.47 98.62
21:42:47 4.04 50.47 98.62
21:42:48 4.19 50.47 98.62
21:42:49 4.33 50.47 98.62
21:42:50 3.59 50.47 98.62
21:42:51 3.74 50.47 98.62
21:42:52 4.09 50.47 98.62
21:42:53 3.75 50.47 98.62
21:42:54 4.01 50.47 98.62
21:42:55 4.05 50.47 98.62
21:42:56 4.02 50.47 98.62
21:42:57 3.57 50.47 98.62
21:42:58 4.11 50.47 98.62
21:42:59 4.01 50.47 98.62
21:43:00 3.99 50.47 98.62
21:43:01 4.32 50.47 98.62
21:43:02 4.00 50.47 98.62
21:43:03 4.08 50.47 98.62
21:43:04 3.80 50.47 98.62
21:43:05 4.17 50.47 98.62
21:43:06 4.11 50.47 98.62
21:43:07 4.32 50.47 98.62
21:43:08 3.90 50.47 98.62
21:43:09 3.77 50.47 98.62
21:43:10 4.23 50.47 98.62
21:43:11 3.96 50.47 98.62
21:43:12 4.14 50.47 98.62
21:43:13 4.01 50.47 98.62
21:43:14 4.11 50.47 98.62
21:43:15 3.90 50.47 98.62
21:43:16 4.17 50.47 98.62
21:43:17 4.20 50.47 98.62
21:43:18 4.20 50.47 98.62
21:43:19 3.85 50.47 98.62
21:43:20 4.02 50.47 98.62
21:43:21 4.36 50.47 98.62
21:43:22 4.05 50.47 98.62
21:43:23 4.06 50.47 98.62
21:43:24 3.93 50.47 98.62
21:43:25 3.88 50.47 98.62
21:43:26 4.15 50.47 98.62
21:43:27 3.94 50.47 98.62
21:43:28 4.30 50.47 98.62
21:43:29 4.13 50.47 98.62
21:43:30 4.20 50.47 98.62
21:43:31 4.03 50.47 98.62
21:43:32 4.36 50.47 98.64
21:43:33 4.19 50.47 98.62
21:43:34 3.97 50.47 98.62
21:43:35 4.22 50.47 98.62
21:43:36 3.95 50.47 98.62
21:43:37 3.75 50.47 98.62
21:43:38 4.36 50.47 98.62
21:43:39 4.26 50.47 98.62
21:43:40 4.14 50.47 98.62
21:43:41 4.17 50.47 98.62
21:43:42 4.12 50.47 98.62
21:43:43 4.09 50.47 98.62
21:43:44 4.35 50.47 98.62
21:43:45 4.58 50.47 98.62
21:43:46 4.27 50.47 98.62
21:43:47 4.20 50.47 98.62
21:43:48 4.20 50.47 98.62
21:43:49 4.07 50.47 98.62
21:43:50 4.59 50.47 98.62
21:43:51 4.10 50.47 98.62
21:43:52 4.37 50.47 98.62
21:43:53 4.00 50.47 98.62
21:43:54 4.43 50.47 98.62
21:43:55 4.40 50.47 98.62
21:43:56 4.22 50.47 98.62
21:43:57 4.25 50.47 98.62
21:43:58 4.36 50.47 98.62
21:43:59 4.28 50.47 98.62
21:44:00 4.29 50.47 98.62
21:44:01 4.54 50.47 98.62
21:44:02 4.17 50.47 98.62
21:44:03 4.52 50.47 98.62
21:44:04 4.46 50.47 98.62
21:44:05 4.02 50.47 98.62
21:44:06 4.39 50.47 98.62
21:44:07 4.43 50.47 98.62
21:44:08 4.69 50.47 98.62
21:44:09 4.61 50.47 98.62
21:44:10 4.52 50.47 98.62
21:44:11 4.42 50.47 98.62
21:44:12 4.39 50.47 98.62
21:44:13 4.46 50.47 98.62
21:44:14 4.55 50.47 98.62
21:44:15 4.66 50.47 98.62
21:44:16 4.16 50.47 98.62
21:44:17 4.45 50.47 98.62
21:44:18 4.56 50.47 98.62
21:44:19 4.12 50.47 98.62
21:44:20 4.29 50.47 98.62
21:44:21 4.78 50.47 98.62
21:44:22 4.38 50.47 98.62
21:44:23 4.63 50.47 98.62
21:44:24 4.70 50.47 98.62
21:44:25 4.20 50.47 98.62
21:44:26 4.38 50.47 98.62
21:44:27 4.36 50.47 98.62
21:44:28 4.52 50.47 98.62
21:44:29 5.11 50.47 98.62
21:44:30 4.47 50.47 98.62
21:44:31 4.63 50.47 98.62
21:44:32 4.35 50.47 98.62
21:44:33 4.60 50.47 98.62
21:44:34 4.48 50.47 98.62
21:44:35 4.27 50.47 98.62
21:44:36 4.67 50.47 98.62
21:44:37 4.77 50.47 98.62
21:44:38 4.80 50.47 98.62
21:44:39 4.27 50.47 98.62
21:44:40 4.91 50.47 98.62
21:44:41 4.64 50.47 98.62
21:44:42 4.41 50.47 98.62
21:44:43 4.53 50.47 98.62
21:44:44 4.74 50.47 98.62
21:44:45 4.63 50.47 98.62
21:44:46 4.73 50.47 98.62
21:44:47 4.76 50.47 98.62
21:44:48 4.50 50.47 98.62
21:44:49 4.72 50.47 98.62
21:44:50 4.78 50.47 98.62
21:44:51 4.38 50.47 98.62
21:44:52 4.75 50.47 98.62
21:44:53 4.72 50.47 98.62
21:44:54 4.83 50.47 98.62
21:44:55 4.54 50.47 98.62
21:44:56 4.94 50.47 98.62
21:44:57 4.64 50.47 98.62
21:44:58 4.48 50.47 98.62
21:44:59 4.68 50.47 98.62
21:45:00 4.82 50.47 98.62
21:45:01 5.17 50.47 98.62
21:45:02 4.62 50.47 98.62
21:45:03 4.80 50.47 98.62
21:45:04 4.52 50.47 98.62
21:45:05 4.57 50.47 98.62
21:45:06 4.76 50.47 98.62
21:45:07 4.78 50.47 98.62
21:45:08 4.83 50.47 98.62
21:45:09 4.93 50.47 98.62
21:45:10 4.69 50.47 98.62
21:45:11 4.80 50.47 98.62
21:45:12 4.96 50.47 98.62
21:45:13 4.41 50.47 98.62
21:45:14 4.81 50.47 98.62
21:45:15 4.86 50.47 98.62
21:45:16 4.97 50.47 98.62
21:45:17 4.89 50.47 98.62
21:45:18 4.55 50.47 98.62
21:45:19 5.01 50.47 98.62
21:45:20 4.70 50.47 98.62
21:45:21 4.88 50.47 98.62
21:45:22 5.15 50.47 98.62
21:45:23 4.56 50.47 98.62
21:45:24 4.43 50.47 98.62
21:45:25 4.89 50.47 98.62
21:45:26 4.70 50.47 98.62
21:45:27 5.23 50.47 98.62
21:45:28 4.87 50.47 98.62
21:45:29 4.69 50.47 98.62
21:45:30 5.02 50.47 98.63
21:45:31 5.09 50.47 98.63
21:45:32 4.86 50.47 98.62
21:45:33 5.11 50.47 98.62
21:45:34 4.95 50.47 98.62
21:45:35 4.91 50.47 98.62
21:45:36 4.91 50.47 98.62
21:45:37 4.90 50.47 98.62
21:45:38 4.77 50.47 98.62
21:45:39 5.06 50.47 98.62
21:45:40 5.24 50.47 98.62
21:45:41 4.97 50.47 98.62
21:45:42 4.63 50.47 98.62
21:45:43 4.94 50.47 98.63
21:45:44 5.07 50.47 98.70
21:45:45 4.30 50.47 98.80
21:45:46 7.44 50.47 98.97
21:45:47 208.33 50.47 99.12
21:45:48 421.57 50.47 99.16
21:45:49 499.86 50.47 99.17
21:45:50 425.13 50.47 99.17
21:45:51 352.45 50.47 99.17
21:45:52 297.12 50.47 99.17
21:45:53 256.96 50.47 99.17
21:45:54 225.13 50.47 99.17
21:45:55 201.54 50.47 99.17
21:45:56 183.95 50.47 99.17
21:45:57 167.34 50.47 99.17
21:45:58 154.17 50.47 99.17
21:45:59 141.52 50.47 99.17
21:46:00 131.25 50.47 99.17
21:46:01 122.63 50.47 99.17
21:46:02 115.04 50.47 99.16
21:46:03 112.92 50.47 99.16
21:46:04 108.50 50.47 99.16
21:46:05 105.38 50.47 99.16
21:46:06 103.00 50.47 99.16
21:46:07 99.31 50.47 99.16
21:46:08 97.04 50.47 99.16
21:46:09 93.63 50.47 99.17
21:46:10 91.42 50.47 99.17
21:46:11 88.29 50.47 99.16
21:46:12 86.77 50.47 99.16
21:46:13 84.36 50.47 99.17
21:46:14 82.36 50.47 99.17
21:46:15 80.75 50.47 99.17
21:46:16 78.74 50.47 99.17
21:46:17 77.12 50.47 99.17
21:46:18 75.95 50.47 99.16
21:46:19 74.49 50.47 99.16
21:46:20 73.26 50.47 99.16
21:46:21 71.94 50.47 99.16
21:46:22 70.37 50.47 99.16
21:46:23 69.20 50.47 99.17
21:46:24 68.31 50.47 99.17
21:46:25 67.24 50.47 99.17
21:46:26 65.74 50.47 99.17
21:46:27 64.51 50.47 99.17
21:46:28 63.23 50.47 99.17
21:46:29 62.25 50.47 99.16
21:46:30 60.75 50.47 99.16
21:46:31 60.25 50.47 99.16
21:46:32 59.61 50.47 99.16
21:46:33 58.31 50.47 99.16
21:46:34 57.94 50.47 99.16
21:46:35 57.01 50.47 99.16
21:46:36 55.90 50.47 99.17
21:46:37 55.50 50.47 99.17
21:46:38 55.00 50.47 99.17
21:46:39 54.05 50.47 99.16
21:46:40 53.68 50.47 99.16
21:46:41 52.49 50.47 99.16
21:46:42 52.58 50.47 99.17
21:46:43 51.47 50.47 99.16
21:46:44 51.48 50.47 99.16
21:46:45 50.51 50.47 99.17
21:46:46 50.29 50.47 99.17
21:46:47 50.07 50.47 99.16
21:46:48 49.09 50.47 99.16
21:46:49 48.50 50.47 99.17
21:46:50 48.15 50.47 99.16
21:46:51 47.25 50.47 99.16
21:46:52 47.49 50.47 99.16
21:46:53 46.38 50.47 99.16
21:46:54 46.28 50.47 99.16
21:46:55 45.37 50.47 99.16
21:46:56 44.97 50.47 99.16
21:46:57 43.99 50.47 99.16
21:46:58 43.77 50.47 99.16
21:46:59 43.34 50.47 99.16
21:47:00 42.72 50.47 99.16
21:47:01 42.09 50.47 99.16
21:47:02 42.14 50.47 99.16
21:47:03 40.93 50.47 99.17
21:47:04 40.82 50.47 99.16
21:47:05 39.88 50.47 99.16
21:47:06 39.32 50.47 99.16
21:47:07 39.48 50.47 99.16
21:47:08 38.94 50.47 99.16
21:47:09 38.68 50.47 99.16
21:47:10 37.74 50.47 99.16
21:47:11 37.42 50.47 99.16
21:47:12 37.14 50.47 99.16
21:47:13 36.47 50.47 99.16
21:47:14 36.21 50.47 99.16
21:47:15 35.14 50.47 99.16
21:47:16 35.23 50.47 99.17
21:47:17 34.40 50.47 99.16
21:47:18 34.04 50.47 99.16
21:47:19 33.54 50.47 99.16
21:47:20 33.38 50.47 99.16
21:47:21 32.81 50.47 99.17
21:47:22 31.89 50.47 99.16
21:47:23 31.77 50.47 99.16
21:47:24 31.27 50.47 99.17
21:47:25 31.19 50.47 99.17
21:47:26 31.03 50.47 99.16
21:47:27 31.34 50.47 99.16
21:47:28 30.45 50.47 99.16
21:47:29 30.15 50.47 99.17
21:47:30 29.81 50.47 99.16
21:47:31 29.28 50.47 99.16
21:47:32 27.82 50.47 99.16
21:47:33 27.54 50.47 99.17
21:47:34 26.76 50.47 99.17
21:47:35 25.97 50.47 99.16
21:47:36 25.42 50.47 99.16
21:47:37 25.18 50.47 99.16
21:47:38 23.96 50.47 99.16
21:47:39 23.84 50.47 99.16
21:47:40 23.31 50.47 99.16
21:47:41 22.42 50.47 99.16
21:47:42 22.20 50.47 99.16
21:47:43 21.79 50.47 99.16
21:47:44 21.29 50.47 99.16
21:47:45 20.92 50.47 99.16
21:47:46 20.79 50.47 99.16
21:47:47 20.09 50.47 99.16
21:47:48 19.93 50.47 99.16
21:47:49 19.66 50.47 99.16
21:47:50 19.45 50.47 99.17
21:47:51 19.15 50.47 99.17
21:47:52 18.64 50.47 99.17
21:47:53 18.26 50.47 99.16
21:47:54 18.06 50.47 99.16
21:47:55 17.82 50.47 99.16
21:47:56 17.14 50.47 99.17
21:47:57 17.46 50.47 99.17
21:47:58 16.82 50.47 99.17
21:47:59 16.23 50.47 99.17
21:48:00 16.41 50.47 99.17
21:48:01 16.00 50.47 99.17
21:48:02 15.66 50.47 99.16
21:48:03 15.58 50.47 99.16
21:48:04 14.94 50.47 99.16
21:48:05 14.89 50.47 99.17
21:48:06 14.91 50.47 99.17
21:48:07 14.49 50.47 99.17
21:48:08 13.99 50.47 99.17
21:48:09 13.95 50.47 99.17
21:48:10 13.82 50.47 99.17
21:48:11 13.62 50.47 99.17
21:48:12 12.94 50.47 99.17
21:48:13 13.00 50.47 99.17
21:48:14 12.67 50.47 99.17
21:48:15 12.52 50.47 99.16
21:48:16 12.68 50.47 99.16
21:48:17 12.29 50.47 99.17
21:48:18 12.41 50.47 99.16
21:48:19 11.64 50.47 99.16
21:48:20 11.64 50.47 99.17
21:48:21 11.38 50.47 99.17
21:48:22 10.88 50.47 99.16
21:48:23 10.96 50.47 99.16
21:48:24 10.88 50.47 99.17
21:48:25 10.32 50.47 99.17
21:48:26 10.57 50.47 99.19
21:48:27 9.84 50.47 99.17
21:48:28 10.12 50.47 99.17
21:48:29 9.56 50.47 99.19
21:48:30 8.89 50.47 99.19
21:48:31 8.72 50.47 99.19
21:48:32 8.78 50.47 99.19
21:48:33 8.06 50.47 99.19
21:48:34 7.56 50.47 99.19
21:48:35 7.64 50.47 99.19
21:48:36 7.21 50.47 99.19
21:48:37 7.00 50.47 99.19
21:48:38 6.64 50.47 99.19
21:48:39 6.50 50.47 99.19
21:48:40 5.92 50.47 99.19
21:48:41 5.72 50.47 99.19
21:48:42 6.08 50.47 99.19
21:48:43 5.78 50.47 99.19
21:48:44 5.35 50.47 99.19
21:48:45 5.31 50.47 99.19
21:48:46 4.80 50.47 99.19
21:48:47 4.83 50.47 99.17
21:48:48 4.52 50.47 99.17
21:48:49 4.61 50.47 99.19
21:48:50 3.89 50.47 99.19
21:48:51 3.93 50.47 99.19
21:48:52 4.12 50.47 99.19
21:48:53 3.78 50.47 99.19
21:48:54 3.47 50.47 99.19
21:48:55 3.36 50.47 99.19
21:48:56 3.55 50.47 99.19
21:48:57 3.32 50.47 99.19
21:48:58 3.71 50.47 99.19
21:48:59 2.80 50.47 99.19
21:49:00 3.28 50.47 99.19
21:49:01 2.68 50.47 99.19
21:49:02 3.00 50.47 99.19
21:49:03 2.93 50.47 99.19
21:49:04 2.35 50.47 99.19
21:49:05 2.56 50.47 99.19
21:49:06 2.12 50.47 99.19
21:49:07 2.27 50.47 99.19
21:49:08 2.16 50.47 99.19
21:49:09 2.33 50.47 99.19
21:49:10 2.01 50.47 99.19
21:49:11 1.68 50.47 99.19
21:49:12 2.17 50.47 99.19
21:49:13 1.82 50.47 99.19
21:49:14 1.93 50.47 99.19
21:49:15 1.51 50.47 99.19
21:49:16 1.78 50.47 99.19
21:49:17 1.37 50.47 99.19
21:49:18 1.35 50.47 99.19
21:49:19 1.26 50.47 99.19
21:49:20 1.19 50.47 99.19
21:49:21 1.15 50.47 99.19
21:49:22 1.57 50.47 99.19
21:49:23 1.13 50.47 99.19
21:49:24 1.15 50.47 99.19
21:49:25 0.86 50.47 99.21
21:49:26 1.05 50.47 99.19
21:49:27 0.99 50.47 99.19
21:49:28 0.99 50.47 99.19
21:49:29 1.26 50.47 99.19
21:49:30 0.80 50.47 99.19
21:49:31 0.69 50.47 99.19
21:49:32 0.56 50.47 99.19
21:49:33 0.50 50.47 99.19
21:49:34 1.05 50.47 99.19
21:49:35 0.35 50.47 99.19
21:49:36 0.48 50.47 99.19
21:49:37 2.53 50.47 99.19
21:49:38 17.11 50.47 99.19
21:49:39 41.49 50.47 99.19
21:49:40 50.88 50.47 99.19
21:49:41 58.46 50.47 99.19
21:49:42 53.96 50.47 99.19
21:49:43 47.49 50.47 99.19
21:49:44 41.24 50.47 99.19
21:49:45 37.23 50.47 99.19
21:49:46 34.07 50.47 99.19
21:49:47 31.79 50.47 99.19
21:49:48 29.81 50.47 99.19
21:49:49 28.68 50.47 99.19
21:49:50 27.38 50.47 99.19
21:49:51 26.29 50.47 99.19
21:49:52 25.25 50.47 99.19
21:49:53 24.60 50.47 99.19
21:49:54 23.32 50.47 99.19
21:49:55 23.12 50.47 99.19
21:49:56 22.64 50.47 99.19
21:49:57 20.90 50.47 99.19
21:49:58 21.28 50.47 99.19
21:49:59 20.83 50.47 99.19
21:50:00 20.23 50.47 99.19
21:50:01 18.98 50.47 99.19
21:50:02 19.37 50.47 99.19
21:50:03 18.72 50.47 99.19
21:50:04 18.47 50.47 99.19
21:50:05 17.93 50.47 99.19
21:50:06 17.50 50.47 99.19
21:50:07 17.34 50.47 99.19
21:50:08 17.28 50.47 99.19
21:50:09 16.04 50.47 99.19
21:50:10 15.91 50.47 99.19
21:50:11 16.31 50.47 99.19
21:50:12 14.85 50.47 99.19
21:50:13 15.32 50.47 99.19
21:50:14 15.01 50.47 99.19
21:50:15 14.27 50.47 99.19
21:50:16 14.30 50.47 99.19
21:50:17 14.15 50.47 99.19
21:50:18 13.68 50.47 99.19
21:50:19 13.30 50.47 99.19
21:50:20 13.33 50.47 99.19
21:50:21 13.14 50.47 99.19
21:50:22 12.46 50.47 99.19
21:50:23 12.61 50.47 99.19
21:50:24 11.68 50.47 99.19
21:50:25 12.33 50.47 99.19
21:50:26 12.58 50.47 99.19
21:50:27 11.38 50.47 99.19
21:50:28 11.87 50.47 99.19
21:50:29 12.21 50.47 99.19
21:50:30 11.07 50.47 99.19
21:50:31 10.63 50.47 99.19
21:50:32 10.81 50.47 99.19
21:50:33 10.21 50.47 99.19
21:50:34 10.48 50.47 99.21
21:50:35 9.84 50.47 99.19
21:50:36 9.58 50.47 99.19
21:50:37 9.55 50.47 99.19
21:50:38 9.36 50.47 99.19
21:50:39 8.87 50.47 99.19
21:50:40 8.94 50.47 99.19
21:50:41 8.63 50.47 99.19
21:50:42 8.54 50.47 99.19
21:50:43 8.27 50.47 99.19
21:50:44 8.29 50.47 99.19
21:50:45 8.40 50.47 99.19
21:50:46 7.76 50.47 99.19
21:50:47 7.64 50.47 99.19
21:50:48 8.15 50.47 99.19
21:50:49 7.01 50.47 99.19
21:50:50 7.48 50.47 99.19
21:50:51 7.37 50.47 99.19
21:50:52 7.03 50.47 99.19
21:50:53 6.86 50.47 99.19
21:50:54 6.38 50.47 99.19
21:50:55 6.69 50.47 99.19
21:50:56 6.48 50.47 99.19
21:50:57 6.28 50.47 99.19
21:50:58 6.09 50.47 99.19
21:50:59 6.00 50.47 99.19
21:51:00 5.64 50.47 99.19
21:51:01 5.88 50.47 99.19
21:51:02 5.65 50.47 99.19
21:51:03 5.08 50.47 99.19
21:51:04 5.37 50.47 99.19
21:51:05 4.82 50.47 99.19
21:51:06 5.34 50.47 99.19
21:51:07 5.16 50.47 99.19
21:51:08 5.24 50.47 99.19
21:51:09 4.61 50.47 99.19
21:51:10 4.54 50.47 99.19
21:51:11 4.75 50.47 99.19
21:51:12 4.36 50.47 99.19
21:51:13 4.39 50.47 99.12
21:51:14 3.18 50.47 98.90
21:51:15 4.36 50.47 98.69
21:51:16 5.21 50.47 98.63
21:51:17 4.49 50.47 98.63
21:51:18 4.10 50.47 98.63
21:51:19 4.39 50.47 98.63
21:51:20 4.20 50.47 98.63
21:51:21 3.96 50.47 98.63
21:51:22 4.24 50.47 98.63
21:51:23 4.25 50.47 98.63
21:51:24 4.19 50.47 98.63
21:51:25 3.98 50.47 98.63
21:51:26 4.27 50.47 98.63
21:51:27 4.30 50.47 98.63
21:51:28 4.42 50.47 98.63
21:51:29 4.12 50.47 98.63
21:51:30 4.22 50.47 98.63
21:51:31 4.43 50.47 98.63
21:51:32 4.55 50.47 98.63
21:51:33 4.16 50.47 98.63
21:51:34 4.19 50.47 98.63
21:51:35 4.37 50.47 98.63
21:51:36 4.19 50.47 98.63
21:51:37 4.07 50.47 98.63
21:51:38 4.70 50.47 98.63
21:51:39 4.73 50.47 98.63
21:51:40 4.05 50.47 98.63
21:51:41 4.10 50.47 98.63
21:51:42 4.28 50.47 98.63
21:51:43 4.44 50.47 98.63
21:51:44 4.20 50.47 98.63
21:51:45 3.97 50.47 98.63
21:51:46 4.36 50.47 98.63
21:51:47 4.45 50.47 98.63
21:51:48 4.13 50.47 98.63
21:51:49 4.21 50.47 98.63
21:51:50 4.78 50.47 98.63
21:51:51 4.27 50.47 98.63
21:51:52 4.77 50.47 98.63
21:51:53 4.23 50.47 98.63
21:51:54 4.29 50.47 98.63
21:51:55 4.24 50.47 98.63
21:51:56 4.63 50.47 98.63
21:51:57 4.46 50.47 98.62
21:51:58 4.28 50.47 98.62
21:51:59 4.48 50.47 98.63
21:52:00 4.20 50.47 98.63
21:52:01 4.66 50.47 98.63
21:52:02 4.35 50.47 98.63
21:52:03 4.70 50.47 98.63
21:52:04 3.85 50.47 98.63
21:52:05 4.34 50.47 98.63
21:52:06 4.16 50.47 98.63
21:52:07 4.67 50.47 98.63
21:52:08 4.36 50.47 98.63
21:52:09 4.69 50.47 98.63
21:52:10 4.35 50.47 98.63
21:52:11 4.80 50.47 98.63
21:52:12 4.78 50.47 98.63
21:52:13 4.56 50.47 98.63
21:52:14 4.46 50.47 98.63
21:52:15 4.49 50.47 98.63
21:52:16 4.52 50.47 98.63
21:52:17 4.77 50.47 98.63
21:52:18 4.58 50.47 98.63
21:52:19 4.46 50.47 98.63
21:52:20 4.46 50.47 98.63
21:52:21 4.78 50.47 98.63
21:52:22 4.40 50.47 98.63
21:52:23 4.37 50.47 98.66
21:52:24 4.65 50.47 98.63
21:52:25 4.33 50.47 98.63
21:52:26 4.23 50.47 98.63
21:52:27 4.52 50.47 98.63
21:52:28 4.44 50.47 98.63
21:52:29 4.10 50.47 98.63
21:52:30 4.70 50.47 98.63
21:52:31 4.56 50.47 98.63
21:52:32 4.49 50.47 98.63
21:52:33 4.10 50.47 98.63
21:52:34 4.41 50.47 98.63
21:52:35 4.84 50.47 98.63
21:52:36 4.57 50.47 98.63
21:52:37 4.53 50.47 98.63
21:52:38 4.66 50.47 98.63
21:52:39 4.58 50.47 98.63
21:52:40 4.40 50.47 98.63
21:52:41 4.76 50.47 98.63
21:52:42 4.65 50.47 98.63
21:52:43 4.06 50.47 98.71
21:52:44 3.07 50.47 98.94
21:52:45 48.76 50.47 99.13
21:52:46 325.81 50.47 99.17
21:52:47 558.07 50.47 99.19
21:52:48 576.03 50.47 99.19
21:52:49 537.18 50.47 99.19
21:52:50 485.59 50.47 99.19
21:52:51 416.29 50.47 99.21
21:52:52 328.96 50.47 99.19
21:52:53 228.47 50.47 99.19
21:52:54 139.05 50.47 99.19
21:52:55 103.05 50.47 99.19
21:52:56 51.74 50.47 99.19
21:52:57 23.56 50.47 99.19
21:52:58 10.95 50.47 99.19
21:52:59 5.16 50.47 99.19
21:53:00 3.08 50.47 99.19
21:53:01 1.97 50.47 99.19
21:53:02 1.33 50.47 99.19
21:53:03 0.93 50.47 99.19
21:53:04 0.53 50.47 99.19
21:53:05 0.17 50.47 99.19
21:53:06 0.09 50.47 99.21
21:53:07 -0.49 50.47 99.19
21:53:08 -0.59 50.47 99.19
21:53:09 -0.55 50.47 99.19
21:53:10 -1.03 50.47 99.19
21:53:11 -0.93 50.47 99.19
21:53:12 -0.78 50.47 99.19
21:53:13 -0.93 50.47 99.19
21:53:14 -1.32 50.47 99.19
21:53:15 -0.95 50.47 99.19
21:53:16 -1.55 50.47 99.19
21:53:17 -1.09 50.47 99.19
21:53:18 -1.51 50.47 99.19
21:53:19 -1.27 50.47 99.19
21:53:20 -1.26 50.47 99.19
21:53:21 -1.60 50.47 99.19
21:53:22 -1.52 50.47 99.19
21:53:23 -1.35 50.47 99.19
21:53:24 -1.46 50.47 99.19
21:53:25 -1.65 50.47 99.19
21:53:26 -1.16 50.47 99.19
21:53:27 -1.64 50.47 99.19
21:53:28 -1.45 50.47 99.19
21:53:29 -1.35 50.47 99.19
21:53:30 -1.87 50.47 99.19
21:53:31 -1.43 50.47 99.19
21:53:32 -1.53 50.47 99.19
21:53:33 -1.46 50.47 99.19
21:53:34 -1.70 50.47 99.19
21:53:35 -1.59 50.47 99.19
21:53:36 -1.58 50.47 99.19
21:53:37 -1.40 50.47 99.19
21:53:38 -1.58 50.47 99.19
21:53:39 -1.57 50.47 99.19
21:53:40 -1.66 50.47 99.19
21:53:41 -1.88 50.47 99.19
21:53:42 -1.47 50.47 99.19
21:53:43 -1.42 50.47 99.19
21:53:44 -1.86 50.47 99.19
21:53:45 -1.83 50.47 99.19
21:53:46 -1.65 50.47 99.19
21:53:47 -1.64 50.47 99.19
21:53:48 -1.58 50.47 99.19
21:53:49 -1.44 50.47 99.19
21:53:50 -1.87 50.47 99.19
21:53:51 -1.77 50.47 99.19
21:53:52 -1.79 50.47 99.19
21:53:53 -1.48 50.47 99.19
21:53:54 -1.59 50.47 99.19
21:53:55 -1.84 50.47 99.19
21:53:56 -1.68 50.47 99.19
21:53:57 -1.76 50.47 99.19
21:53:58 -1.65 50.47 99.19
21:53:59 -1.49 50.47 99.19
21:54:00 -1.59 50.47 99.19
21:54:01 -1.72 50.47 99.19
21:54:02 -1.96 50.47 99.19
21:54:03 -1.79 50.47 99.19
21:54:04 -1.76 50.47 99.19
21:54:05 -1.28 50.47 99.19
21:54:06 19.37 50.47 99.19
21:54:07 102.70 50.47 99.19
21:54:08 239.95 50.47 99.19
21:54:09 326.40 50.47 99.19
21:54:10 300.25 50.47 99.21
21:54:11 211.32 50.47 99.19
21:54:12 122.05 50.47 99.19
21:54:13 63.32 50.47 99.19
21:54:14 30.61 50.47 99.19
21:54:15 15.63 50.47 99.19
21:54:16 9.85 50.47 99.19
21:54:17 6.21 50.47 99.19
21:54:18 5.05 50.47 99.19
21:54:19 3.93 50.47 99.19
21:54:20 3.36 50.47 99.19
21:54:21 2.45 50.47 99.19
21:54:22 1.97 50.47 99.19
21:54:23 1.54 50.47 99.19
21:54:24 0.84 50.47 99.19
21:54:25 0.61 50.47 99.19
21:54:26 0.20 50.47 99.19
21:54:27 -0.27 50.47 99.19
21:54:28 -0.42 50.47 99.19
21:54:29 -0.74 50.47 99.19
21:54:30 -0.56 50.47 99.19
21:54:31 -0.86 50.47 99.19
21:54:32 -0.88 50.47 99.19
21:54:33 -1.11 50.47 99.19
21:54:34 -1.32 50.47 99.19
21:54:35 -1.33 50.47 99.19
21:54:36 -1.44 50.47 99.19
21:54:37 -1.34 50.47 99.19
21:54:38 -1.56 50.47 99.19
21:54:39 -1.74 50.47 99.19
21:54:40 -1.06 50.47 99.19
21:54:41 -1.75 50.47 99.19
21:54:42 -1.67 50.47 99.19
21:54:43 -0.42 50.47 99.19
21:54:44 5.73 50.47 99.19
21:54:45 48.63 50.47 99.19
21:54:46 135.50 50.47 99.19
21:54:47 210.48 50.47 99.19
21:54:48 213.44 50.47 99.19
21:54:49 160.14 50.47 99.19
21:54:50 97.43 50.47 99.19
21:54:51 51.91 50.47 99.19
21:54:52 25.30 50.47 99.19
21:54:53 12.67 50.47 99.19
21:54:54 7.64 50.47 99.19
21:54:55 5.23 50.47 99.19
21:54:56 3.92 50.47 99.19
21:54:57 2.87 50.47 99.19
21:54:58 2.26 50.47 99.19
21:54:59 1.51 50.47 99.19
21:55:00 1.23 50.47 99.19
21:55:01 0.46 50.47 99.19
21:55:02 0.45 50.47 99.19
21:55:03 0.21 50.47 99.19
21:55:04 -0.26 50.47 99.19
21:55:05 -0.48 50.47 99.19
21:55:06 -0.57 50.47 99.19
21:55:07 -0.63 50.47 99.19
21:55:08 -1.10 50.47 99.19
21:55:09 -1.01 50.47 99.19
21:55:10 -1.22 50.47 99.19
21:55:11 -1.02 50.47 99.19
21:55:12 -1.29 50.47 99.19
21:55:13 -1.39 50.47 99.19
21:55:14 -1.48 50.47 99.19
21:55:15 -1.59 50.47 99.19
21:55:16 -1.62 50.47 99.19
21:55:17 -0.02 50.47 99.19
21:55:18 15.54 50.47 99.19
21:55:19 58.70 50.47 99.19
21:55:20 105.87 50.47 99.19
21:55:21 121.22 50.47 99.21
21:55:22 98.37 50.47 99.19
21:55:23 62.51 50.47 99.19
21:55:24 33.38 50.47 99.20
21:55:25 15.45 50.47 99.19
21:55:26 7.69 50.47 99.19
21:55:27 5.17 50.47 99.19
21:55:28 2.73 50.47 99.19
21:55:29 2.03 50.47 99.19
21:55:30 1.21 50.47 99.19
21:55:31 0.53 50.47 99.19
21:55:32 0.27 50.47 99.19
21:55:33 -0.20 50.47 99.19
21:55:34 -0.14 50.47 99.19
21:55:35 -0.40 50.47 99.19
21:55:36 -0.89 50.47 99.19
21:55:37 -1.02 50.47 99.19
21:55:38 -0.99 50.47 99.19
21:55:39 -1.40 50.47 99.20
21:55:40 -1.08 50.47 99.20
21:55:41 -1.79 50.47 99.20
21:55:42 -0.96 50.47 99.19
21:55:43 -1.58 50.47 99.19
21:55:44 -1.55 50.47 99.20
21:55:45 -1.61 50.47 99.20
21:55:46 -1.69 50.47 99.21
21:55:47 -1.89 50.47 99.19
21:55:48 -1.35 50.47 99.20
21:55:49 -1.32 50.47 99.19
21:55:50 -2.20 50.47 99.19
21:55:51 -1.71 50.47 99.19
21:55:52 -1.80 50.47 99.20
21:55:53 -2.03 50.47 99.20
21:55:54 -1.48 50.47 99.20
21:55:55 -2.12 50.47 99.20
21:55:56 -2.01 50.47 99.20
21:55:57 -1.41 50.47 99.20
21:55:58 -2.04 50.47 99.19
21:55:59 -1.95 50.47 99.19
21:56:00 -0.90 50.47 99.19
21:56:01 6.63 50.47 99.19
21:56:02 26.63 50.47 99.19
21:56:03 49.67 50.47 99.19
21:56:04 57.21 50.47 99.20
21:56:05 46.40 50.47 99.19
21:56:06 29.79 50.47 99.19
21:56:07 15.39 50.47 99.19
21:56:08 6.95 50.47 99.19
21:56:09 2.98 50.47 99.19
21:56:10 1.80 50.47 99.20
21:56:11 0.41 50.47 99.19
21:56:12 0.42 50.47 99.19
21:56:13 -0.34 50.47 99.20
21:56:14 -0.30 50.47 99.20
21:56:15 -0.41 50.47 99.20
21:56:16 -1.10 50.47 99.20
21:56:17 -1.40 50.47 99.20
21:56:18 -0.98 50.47 99.20
21:56:19 -1.43 50.47 99.20
21:56:20 -1.30 50.47 99.19
21:56:21 -1.49 50.47 99.19
21:56:22 -1.24 50.47 99.19
21:56:23 -1.37 50.47 99.19
21:56:24 -1.95 50.47 99.20
21:56:25 -1.62 50.47 99.20
21:56:26 -1.95 50.47 99.22
21:56:27 -1.79 50.47 99.20
21:56:28 -1.67 50.47 99.19
21:56:29 -1.68 50.47 99.19
21:56:30 -1.76 50.47 99.20
21:56:31 -2.26 50.47 99.20
21:56:32 -2.41 50.47 99.20
21:56:33 -1.46 50.47 99.20
21:56:34 -1.75 50.47 99.20
21:56:35 -1.88 50.47 99.20
21:56:36 -1.70 50.47 99.20
21:56:37 -0.85 50.47 99.20
21:56:38 5.26 50.47 99.20
21:56:39 16.29 50.47 99.20
21:56:40 25.50 50.47 99.20
21:56:41 25.31 50.47 99.20
21:56:42 17.87 50.47 99.20
21:56:43 9.95 50.47 99.20
21:56:44 4.02 50.47 99.20
21:56:45 1.04 50.47 99.20
21:56:46 -0.27 50.47 99.20
21:56:47 -0.82 50.47 99.19
21:56:48 -1.15 50.47 99.19
21:56:49 -1.18 50.47 99.20
21:56:50 -1.57 50.47 99.20
21:56:51 -1.24 50.47 99.20
21:56:52 -1.56 50.47 99.20
21:56:53 -1.95 50.47 99.20
21:56:54 -2.00 50.47 99.20
21:56:55 -1.72 50.47 99.20
21:56:56 -1.65 50.47 99.19
21:56:57 -1.60 50.47 99.19
21:56:58 -1.43 50.47 99.20
21:56:59 0.95 50.47 99.20
21:57:00 7.69 50.47 99.20
21:57:01 14.74 50.47 99.20
21:57:02 16.98 50.47 99.20
21:57:03 13.09 50.47 99.20
21:57:04 7.51 50.47 99.20
21:57:05 3.16 50.47 99.20
21:57:06 0.63 50.47 99.20
21:57:07 -1.06 50.47 99.20
21:57:08 -1.00 50.47 99.20
21:57:09 -1.56 50.47 99.20
21:57:10 -1.56 50.47 99.20
21:57:11 -1.65 50.47 99.20
21:57:12 -1.51 50.47 99.20
21:57:13 -1.45 50.47 99.20
21:57:14 -1.58 50.47 99.20
21:57:15 -1.93 50.47 99.20
21:57:16 -1.67 50.47 99.20
21:57:17 -2.15 50.47 99.20
21:57:18 -1.79 50.47 99.20
21:57:19 -1.95 50.47 99.20
21:57:20 -1.49 50.47 99.20
21:57:21 -1.97 50.47 99.20
21:57:22 -1.57 50.47 99.20
21:57:23 -2.03 50.47 99.20
21:57:24 -1.66 50.47 99.20
21:57:25 -0.87 50.47 99.20
21:57:26 3.36 50.47 99.20
21:57:27 11.13 50.47 99.20
21:57:28 16.09 50.47 99.20
21:57:29 15.05 50.47 99.20
21:57:30 10.07 50.47 99.20
21:57:31 5.08 50.47 99.20
21:57:32 1.84 50.47 99.20
21:57:33 -0.46 50.47 99.20
21:57:34 -1.05 50.47 99.20
21:57:35 -1.04 50.47 99.20
21:57:36 -1.60 50.47 99.20
21:57:37 -1.89 50.47 99.20
21:57:38 -1.35 50.47 99.20
21:57:39 -1.73 50.47 99.20
21:57:40 -1.53 50.47 99.20
21:57:41 -1.70 50.47 99.20
21:57:42 -2.01 50.47 99.20
21:57:43 -2.09 50.47 99.20
21:57:44 -1.52 50.47 99.20
21:57:45 -1.78 50.47 99.20
21:57:46 -1.95 50.47 99.20
21:57:47 -1.78 50.47 99.20
21:57:48 -1.62 50.47 99.20
21:57:49 -1.71 50.47 99.20
21:57:50 -1.88 50.47 99.20
21:57:51 1.14 50.47 99.20
21:57:52 13.96 50.47 99.20
21:57:53 35.56 50.47 99.20
21:57:54 49.36 50.47 99.20
21:57:55 46.22 50.47 99.20
21:57:56 32.03 50.47 99.20
21:57:57 18.20 50.47 99.20
21:57:58 8.63 50.47 99.20
21:57:59 5.35 50.47 99.20
21:58:00 2.45 50.47 99.20
21:58:01 0.92 50.47 99.20
21:58:02 0.00 50.47 99.20
21:58:03 0.05 50.47 99.20
21:58:04 -0.44 50.47 99.20
21:58:05 -0.73 50.47 99.20
21:58:06 -1.16 50.47 99.20
21:58:07 -1.21 50.47 99.20
21:58:08 -0.77 50.47 99.20
21:58:09 -1.43 50.47 99.20
21:58:10 -1.46 50.47 99.20
21:58:11 -1.57 50.47 99.20
21:58:12 -1.44 50.47 99.20
21:58:13 -1.85 50.47 99.20
21:58:14 -1.64 50.47 99.20
21:58:15 -0.73 50.47 99.20
21:58:16 4.26 50.47 99.20
21:58:17 12.63 50.47 99.20
21:58:18 18.05 50.47 99.20
21:58:19 17.38 50.47 99.20
21:58:20 11.50 50.47 99.20
21:58:21 8.40 50.47 99.20
21:58:22 3.73 50.47 99.20
21:58:23 0.96 50.47 99.20
21:58:24 -0.26 50.47 99.20
21:58:25 -1.20 50.47 99.20
21:58:26 -1.14 50.47 99.20
21:58:27 -1.38 50.47 99.20
21:58:28 -1.21 50.47 99.20
21:58:29 -1.89 50.47 99.20
21:58:30 -1.25 50.47 99.20
21:58:31 -1.81 50.47 99.20
21:58:32 -1.71 50.47 99.20
21:58:33 -1.89 50.47 99.20
21:58:34 -1.75 50.47 99.20
21:58:35 -1.86 50.47 99.20
21:58:36 -1.84 50.47 99.20
21:58:37 -1.84 50.47 99.20
21:58:38 -2.16 50.47 99.20
21:58:39 -1.82 50.47 99.20
21:58:40 -1.94 50.47 99.20
21:58:41 -1.71 50.47 99.20
21:58:42 -1.78 50.47 99.20
21:58:43 -1.42 50.47 99.20
21:58:44 0.14 50.47 99.20
21:58:45 5.90 50.47 99.20
21:58:46 14.75 50.47 99.20
21:58:47 19.46 50.47 99.20
21:58:48 16.96 50.47 99.20
21:58:49 10.88 50.47 99.20
21:58:50 5.00 50.47 99.20
21:58:51 1.07 50.47 99.20
21:58:52 -0.24 50.47 99.20
21:58:53 -1.15 50.47 99.20
21:58:54 -1.31 50.47 99.20
21:58:55 -1.70 50.47 99.20
21:58:56 -1.64 50.47 99.20
21:58:57 -1.65 50.47 99.20
21:58:58 -1.67 50.47 99.20
21:58:59 -2.00 50.47 99.20
21:59:00 -1.66 50.47 99.20
21:59:01 -1.87 50.47 99.20
21:59:02 -1.56 50.47 99.20
21:59:03 -1.97 50.47 99.20
21:59:04 -2.15 50.47 99.20
21:59:05 -1.61 50.47 99.20
21:59:06 -2.05 50.47 99.20
21:59:07 -1.93 50.47 99.20
21:59:08 -2.01 50.47 99.20
21:59:09 -2.06 50.47 99.20
21:59:10 -1.69 50.47 99.20
21:59:11 -2.01 50.47 99.20
21:59:12 -1.80 50.47 99.20
21:59:13 -1.79 50.47 99.20
21:59:14 -2.07 50.47 99.20
21:59:15 -2.10 50.47 99.20
21:59:16 -1.95 50.47 99.20
21:59:17 -1.63 50.47 99.20
21:59:18 -2.52 50.47 99.20
21:59:19 -1.96 50.47 99.20
21:59:20 -1.80 50.47 99.20
21:59:21 -1.82 50.47 99.20
21:59:22 -2.03 50.47 99.20
21:59:23 -2.03 50.47 99.20
21:59:24 -2.06 50.47 99.20
21:59:25 -1.99 50.47 99.20
21:59:26 -1.69 50.47 99.20
21:59:27 -2.05 50.47 99.20
21:59:28 -2.20 50.47 99.20
21:59:29 -1.87 50.47 99.20
21:59:30 -2.08 50.47 99.20
21:59:31 -2.03 50.47 99.20
21:59:32 -1.93 50.47 99.20
21:59:33 -2.18 50.47 99.20
21:59:34 -2.02 50.47 99.20
21:59:35 -1.62 50.47 99.20
21:59:36 14.03 50.47 99.20
21:59:37 79.30 50.47 99.20
21:59:38 185.89 50.47 99.20
21:59:39 254.34 50.47 99.20
21:59:40 236.02 50.47 99.20
21:59:41 166.57 50.47 99.20
21:59:42 97.45 50.47 99.20
21:59:43 50.16 50.47 99.20
21:59:44 24.50 50.47 99.20
21:59:45 12.26 50.47 99.20
21:59:46 7.18 50.47 99.20
21:59:47 5.14 50.47 99.20
21:59:48 4.41 50.47 99.20
21:59:49 3.13 50.47 99.20
21:59:50 2.77 50.47 99.20
21:59:51 1.72 50.47 99.20
21:59:52 1.12 50.47 99.20
21:59:53 0.81 50.47 99.20
21:59:54 0.41 50.47 99.20
21:59:55 -0.33 50.47 99.20
21:59:56 -0.38 50.47 99.20
21:59:57 -0.37 50.47 99.20
21:59:58 -1.22 50.47 99.20
21:59:59 -0.87 50.47 99.20
22:00:00 -0.40 50.47 99.20
22:00:01 3.16 50.47 99.20
22:00:02 9.58 50.47 99.20
22:00:03 15.62 50.47 99.20
22:00:04 15.87 50.47 99.20
22:00:05 11.37 50.47 99.20
22:00:06 5.79 50.47 99.20
22:00:07 2.29 50.47 99.20
22:00:08 0.06 50.47 99.20
22:00:09 -0.79 50.47 99.20
22:00:10 -0.99 50.47 99.20
22:00:11 -1.48 50.47 99.20
22:00:12 -1.80 50.47 99.20
22:00:13 -1.56 50.47 99.20
22:00:14 -1.63 50.47 99.20
22:00:15 -1.67 50.47 99.20
22:00:16 -2.21 50.47 99.20
22:00:17 -2.22 50.47 99.20
22:00:18 -1.37 50.47 99.20
22:00:19 -1.95 50.47 99.20
22:00:20 -2.27 50.47 99.20
22:00:21 -1.67 50.47 99.20
22:00:22 -1.72 50.47 99.20
22:00:23 -1.74 50.47 99.20
22:00:24 -1.75 50.47 99.20
22:00:25 -0.53 50.47 99.20
22:00:26 5.17 50.47 99.20
22:00:27 12.21 50.47 99.20
22:00:28 16.11 50.47 99.20
22:00:29 13.62 50.47 99.20
22:00:30 8.73 50.47 99.20
22:00:31 5.73 50.47 99.20
22:00:32 2.16 50.47 99.20
22:00:33 -0.08 50.47 99.20
22:00:34 -0.96 50.47 99.20
22:00:35 -1.40 50.47 99.20
22:00:36 -1.61 50.47 99.20
22:00:37 -1.65 50.47 99.20
22:00:38 -1.93 50.47 99.20
22:00:39 -1.91 50.47 99.20
22:00:40 -1.84 50.47 99.20
22:00:41 -1.72 50.47 99.20
22:00:42 -1.83 50.47 99.20
22:00:43 -2.10 50.47 99.21
22:00:44 -2.01 50.47 99.20
22:00:45 -1.61 50.47 99.20
22:00:46 -1.59 50.47 99.20
22:00:47 -2.00 50.47 99.20
22:00:48 -1.63 50.47 99.20
22:00:49 -0.78 50.47 99.20
22:00:50 3.94 50.47 99.20
22:00:51 10.87 50.47 99.20
22:00:52 15.75 50.47 99.20
22:00:53 15.53 50.47 99.20
22:00:54 12.45 50.47 99.20
22:00:55 6.67 50.47 99.20
22:00:56 2.68 50.47 99.20
22:00:57 0.20 50.47 99.20
22:00:58 -1.02 50.47 99.20
22:00:59 -1.57 50.47 99.20
22:01:00 -1.19 50.47 99.20
22:01:01 -1.74 50.47 99.20
22:01:02 -1.64 50.47 99.20
22:01:03 -1.77 50.47 99.22
22:01:04 -1.56 50.47 99.20
22:01:05 -1.55 50.47 99.20
22:01:06 -1.79 50.47 99.20
22:01:07 -1.89 50.47 99.20
22:01:08 -1.90 50.47 99.20
22:01:09 -1.89 50.47 99.20
22:01:10 -1.21 50.47 99.20
22:01:11 -1.94 50.47 99.20
22:01:12 -2.13 50.47 99.20
22:01:13 -1.85 50.47 99.20
22:01:14 -1.98 50.47 99.20
22:01:15 -1.92 50.47 99.20
22:01:16 -4.54 50.47 99.21
22:01:17 -0.61 50.47 99.21
22:01:18 -3.29 50.47 99.21
22:01:19 -1.44 50.47 99.20
22:01:20 -1.18 50.47 99.20
22:01:21 -1.38 50.47 99.20
22:01:22 -1.61 50.47 99.20
22:01:23 -0.35 50.47 99.20
22:01:24 1.39 50.47 99.20
22:01:25 2.92 50.47 99.20
22:01:26 3.43 50.47 99.20
22:01:27 2.04 50.47 99.20
22:01:28 0.51 50.47 99.20
22:01:29 -0.82 50.47 99.20
22:01:30 -1.36 50.47 99.20
22:01:31 -1.83 50.47 99.20
22:01:32 -1.56 50.47 99.20
22:01:33 -1.97 50.47 99.20
22:01:34 -2.13 50.47 99.20
22:01:35 -1.75 50.47 99.20
22:01:36 -1.72 50.47 99.22
22:01:37 -1.81 50.47 99.20
22:01:38 -2.14 50.47 99.20
22:01:39 -1.81 50.47 99.20
22:01:40 -1.75 50.47 99.20
22:01:41 -2.03 50.47 99.20
22:01:42 -1.98 50.47 99.20
22:01:43 -2.02 50.47 99.20
22:01:44 -2.10 50.47 99.20
22:01:45 -1.66 50.47 99.20
22:01:46 -2.26 50.47 99.20
22:01:47 -1.99 50.47 99.20
22:01:48 -1.97 50.47 99.20
22:01:49 -1.70 50.47 99.20
22:01:50 -2.13 50.47 99.20
22:01:51 -2.02 50.47 99.20
22:01:52 -0.84 50.47 99.20
22:01:53 0.76 50.47 99.20
22:01:54 2.71 50.47 99.20
22:01:55 3.78 50.47 99.20
22:01:56 2.52 50.47 99.20
22:01:57 0.81 50.47 99.20
22:01:58 0.19 50.47 99.20
22:01:59 -0.95 50.47 99.20
22:02:00 -1.27 50.47 99.20
22:02:01 -1.85 50.47 99.20
22:02:02 -1.74 50.47 99.20
22:02:03 -1.53 50.47 99.23
22:02:04 -2.08 50.47 99.21
22:02:05 -2.08 50.47 99.21
22:02:06 -1.88 50.47 99.20
22:02:07 -1.73 50.47 99.20
22:02:08 -1.86 50.47 99.20
22:02:09 -1.74 50.47 99.20
22:02:10 -2.04 50.47 99.20
22:02:11 -1.94 50.47 99.20
22:02:12 -1.90 50.47 99.20
22:02:13 -1.86 50.47 99.20
22:02:14 -2.30 50.47 99.20
22:02:15 -2.02 50.47 99.20
22:02:16 -2.07 50.47 99.20
22:02:17 -1.80 50.47 99.20
22:02:18 -1.56 50.47 99.20
22:02:19 -1.80 50.47 99.22
22:02:20 -1.16 50.47 99.20
22:02:21 1.29 50.47 99.20
22:02:22 3.46 50.47 99.20
22:02:23 4.61 50.47 99.20
22:02:24 3.22 50.47 99.20
22:02:25 1.01 50.47 99.20
22:02:26 -0.53 50.47 99.22
22:02:27 -1.22 50.47 99.21
22:02:28 -1.69 50.47 99.20
22:02:29 -2.06 50.47 99.20
22:02:30 -1.68 50.47 99.20
22:02:31 -1.81 50.47 99.20
22:02:32 -1.75 50.47 99.20
22:02:33 -1.90 50.47 99.21
22:02:34 -1.93 50.47 99.20
22:02:35 -1.87 50.47 99.20
22:02:36 -1.91 50.47 99.21
22:02:37 -2.12 50.47 99.20
22:02:38 -2.08 50.47 99.20
22:02:39 -2.01 50.47 99.21
22:02:40 -1.91 50.47 99.21
22:02:41 -2.08 50.47 99.21
22:02:42 -2.11 50.47 99.21
22:02:43 -2.15 50.47 99.21
22:02:44 -1.94 50.47 99.21
22:02:45 -2.28 50.47 99.21
22:02:46 -1.88 50.47 99.20
22:02:47 -1.86 50.47 99.20
22:02:48 -2.31 50.47 99.20
