	D-Lac	D-Cell	D-Mann	D-Xyl	I-Eryt	NAG	M-Gluc	α-Cyclo	Glyco	Tw_40	Tw_80	Salyc	PHBA	α-Ketobut	Glucolactone	D-Galact	D-Galuco	D-Malic	GHB	Itocon	PEA	Putre	GGA	L-Arg	L-Asp	L-Phenyl	L-Ser L-Ther	G3P	G1P	M-Pyru
HMWF001	0	0.2	0	0.1	0	0	0	0.3	1	0.6	0	0	0	0.5	0	0	0.2	0	0.1	0	0	0	0.8	0.2	0.7	0.2	0.4	0.5	0.3	0.2	0.3
HMWF003	0.6	1.7	0	0	0	1.6	0	0	0	1.2	0.6	0	0.2	0.8	0	0	0.1	0	0.1	0	0	0.3	1.6	0	01.	0.1	1.9	1	0.1	0.2	1.6
HMWF004	0	0.3	1.8	0	0	0.5	0	0.4	0.9	1.3	2.3	0	0.6	0	0.6	0	0.3	0.2	0.1	0	0	0.6	0.9	0.8	1.2	0.2	1.2	0.3	0.3	0.2	0.7
HMWF005	0.2	0.1	1.2	0.1	0	0.7	0	0	0.1	1.4	0.8	0	0.4	0.1	0.5	0.1	0.6	0.5	0.1	0.1	0	0.7	0.5	0.8	1.7	0.2	1.4	0.6	0.2	0	0.5
HMWF006	0.1	0	1.6	0.1	0	0.6	0	0	0	1.5	0.6	0	0.4	0	0.5	0	0.6	0.2	0	0	0	0.6	0.7	0.9	1.9	0.1	1.2	0.6	0.1	0	0.6
HMWF007	0.1	0	1.1	0.3	0	0.5	0	0.1	0.1	1.3	0.8	0	0.7	0.1	0.4	0.1	0.6	0.3	0.1	0.1	0	0.7	0.4	0.9	1.6	0.1	0.8	0.4	0.2	0	0.1
HMWF008	0.1	0.9	1.7	0.4	0	1.1	0.1	0.2	0.1	1.3	1.4	0	0.4	0.2	0.9	0.7	0.7	0.2	0.1	0.1	0	0.4	1.6	0.9	2.0	0.1	2.0	0.6	0.3	0.2	0.9
HMWF009	0.1	0.2	0.4	0.3	0	0.3	0.1	0.1	0.1	1.3	0.7	0	0.3	0	0.2	0.8	0.2	0.2	0.1	0	0	0.3	0.6	0.4	1.4	0	0.7	0	0.1	0	0
HMWF010
HMWF011	0.1	0.2	2.5	0.5	1.5	1.6	0	0.1	0.2	1.3	1.2	0	1	0.1	0.9	2.4	1.4	0.1	0.2	0.3	0.1	0.5	2.2	2.4	2.5	0	2.3	1.4	0.2	0.1	0.1
HMWF013	0	0	0	0	0.7	0.2	0	0	0.4	0.8	0	0	0	0	0	0.7	0	0.1	0	0	0	0.2	0	0	0	0	0	0	0	0	0.1
HMWF014	0	0	1.5	0.1	0	2	1.7	0	2.4	1.1	0.6	0	0	0	0	0	0	0	0	0	0	0	0.1	0.1	1.8	0	1.7	0.1	0.4	1.3	0.1
HMWF015	1.4	0.6	1.4	0.4	0	2.2	1.7	0.5	1.9	1.8	1.1	0	0	0	0	0.3	0.2	0	0.1	0	0.1	0.2	1.8	0.2	1.8	0.6	1.4	0.4	1.5	2	0.9
HMWF016	1.7	0.6	1.2	0.5	0	1.8	1.7	0.4	1.6	0.8	0.8	0	0	0	0	0.3	0.1	0	0.4	0	0.1	0.1	1.1	0.5	1.8	0.3	1.7	0.6	1.5	1.8	1.2
HMWF017	0.2	1	0.6	0.1	0	1.4	1.2	0	1	1.3	0.7	0	0	0	0	0	0	0	0	0	0	0	1.1	0	1	0.3	1.1	0	1	1.3	1.1
HMWF018	0	0	0.4	0.3	0.1	0.3	0.5	0.1	1.5	0.3	0.2	0	0	0	0	0	0	0.2	0	0	0	0	0	0	0.2	0	0	0	0	0.1	0.1
